0.100000000 0.0 0.0 0.0 0.0 0.0 0.0 1.0
0.200000000 0.659 0.009 0.004 -0.001 -0.0 0.002 1.0
0.300000000 1.364 0.021 0.004 -0.001 -0.001 0.004 1.0
0.500000000 2.83 0.051 0.008 -0.001 -0.001 0.009 1.0
0.700000000 4.375 0.102 0.022 -0.003 -0.002 0.013 1.0
1.0 6.774 0.193 0.034 -0.003 0.001 0.019 1.0
1.200000000 8.422 0.277 0.037 -0.003 0.001 0.022 1.0
1.400000000 10.099 0.358 0.047 -0.002 0.001 0.024 1.0
1.600000000 11.813 0.449 0.056 -0.002 0.0 0.025 1.0
1.800000000 13.571 0.555 0.066 -0.005 -0.002 0.027 1.0
2.100000000 16.256 0.717 0.088 -0.005 -0.0 0.029 1.0
2.300000000 18.074 0.835 0.099 -0.004 -0.001 0.03 1.0
2.500000000 19.915 0.948 0.119 -0.004 0.0 0.031 1.0
2.700000000 21.782 1.077 0.124 -0.005 0.004 0.031 1.0
2.900000000 23.67 1.193 0.122 -0.003 0.006 0.029 1.0
3.100000000 25.571 1.313 0.121 -0.005 0.002 0.028 1.0
3.300000000 27.489 1.418 0.129 -0.004 0.001 0.027 1.0
3.500000000 29.43 1.524 0.127 -0.0 0.006 0.027 1.0
3.700000000 31.404 1.626 0.131 0.004 0.004 0.028 1.0
3.900000000 33.374 1.754 0.13 0.003 0.001 0.03 1.0
4.100000000 35.383 1.89 0.134 0.003 0.004 0.031 1.0
4.200000000 36.398 1.961 0.141 0.002 0.004 0.031 0.999
4.500000000 39.408 2.172 0.129 -0.001 0.008 0.032 0.999
4.600000000 40.396 2.244 0.128 -0.001 0.008 0.032 0.999
4.800000000 42.393 2.385 0.121 -0.003 0.006 0.032 0.999
5.0 44.371 2.52 0.114 -0.001 0.007 0.033 0.999
5.200000000 46.334 2.664 0.115 -0.002 0.006 0.034 0.999
5.400000000 48.287 2.818 0.112 -0.003 0.003 0.034 0.999
5.500000000 49.264 2.886 0.108 -0.003 0.005 0.035 0.999
5.800000000 52.164 3.088 0.112 0.001 0.007 0.035 0.999
6.0 54.081 3.223 0.111 0.002 0.007 0.035 0.999
6.200000000 55.993 3.354 0.106 0.005 0.012 0.036 0.999
6.400000000 57.898 3.507 0.081 0.004 0.011 0.037 0.999
6.700000000 60.65 3.744 0.067 -0.001 0.005 0.039 0.999
6.900000000 62.433 3.897 0.074 -0.003 0.007 0.04 0.999
7.100000000 64.152 4.05 0.074 -0.004 0.007 0.041 0.999
7.300000000 65.824 4.202 0.076 -0.004 0.008 0.043 0.999
7.500000000 67.442 4.351 0.071 -0.006 0.01 0.044 0.999
7.700000000 69.006 4.504 0.055 -0.007 0.013 0.045 0.999
7.900000000 70.494 4.662 0.05 -0.01 0.007 0.047 0.999
8.99999999 71.916 4.805 0.047 -0.01 0.004 0.047 0.999
8.300000000 73.253 4.947 0.053 -0.011 0.007 0.048 0.999
8.500000000 74.493 5.061 0.066 -0.006 0.003 0.049 0.999
8.700000000 75.67 5.179 0.074 -0.005 0.001 0.047 0.999
9.0 77.343 5.326 0.082 -0.005 0.006 0.04 0.999
9.200000000 78.382 5.39 0.094 -0.004 0.008 0.03 1.0
9.400000000 79.38 5.443 0.085 -0.009 0.008 0.014 1.0
9.600000000 80.334 5.411 0.088 -0.007 0.009 -0.01 1.0
9.900000000 81.692 5.262 0.082 -0.007 0.011 -0.06 0.998
10.200000000 82.946 4.953 0.073 -0.009 0.011 -0.129 0.992
10.400000000 83.724 4.633 0.074 -0.009 0.01 -0.185 0.983
10.700000000 84.726 3.985 0.073 -0.009 0.007 -0.278 0.961
11.100000000 85.78 2.913 0.072 -0.009 0.009 -0.399 0.917
11.300000000 86.18 2.28 0.091 -0.006 0.007 -0.454 0.891
11.600000000 86.686 1.287 0.091 -0.01 0.007 -0.525 0.851
11.900000000 86.992 0.209 0.107 0.002 0.002 -0.579 0.815
12.200000000 87.298 -0.898 0.112 -0.009 0.003 -0.618 0.786
12.400000000 87.426 -1.696 0.13 -0.008 -0.001 -0.637 0.771
12.700000000 87.583 -2.973 0.136 -0.011 -0.008 -0.66 0.752
13.0 87.722 -4.377 0.179 -0.007 -0.005 -0.676 0.737
13.200000000 87.775 -5.388 0.202 -0.004 -0.007 -0.684 0.729
13.500000000 87.855 -7.019 0.233 -0.003 -0.009 -0.691 0.723
13.700000000 87.898 -8.209 0.252 -0.002 -0.01 -0.695 0.719
14.0 87.942 -10.125 0.287 -0.0 -0.011 -0.698 0.716
14.200000000 87.974 -11.489 0.317 0.003 -0.013 -0.698 0.716
14.400000000 88.013 -12.92 0.342 0.004 -0.015 -0.696 0.718
14.600000000 88.069 -14.417 0.368 0.006 -0.015 -0.693 0.721
14.900000000 88.191 -16.777 0.403 0.006 -0.012 -0.688 0.725
15.100000000 88.309 -18.39 0.436 0.003 -0.012 -0.686 0.728
15.400000000 88.483 -20.852 0.487 -0.004 -0.011 -0.685 0.728
15.600000000 88.594 -22.506 0.539 -0.003 -0.009 -0.685 0.728
15.900000000 88.771 -24.965 0.607 -0.005 -0.007 -0.685 0.728
16.100000000 88.882 -26.602 0.653 -0.008 -0.005 -0.686 0.727
16.300000000 88.98 -28.231 0.697 -0.008 -0.002 -0.689 0.724
16.500000000 89.05 -29.857 0.741 -0.008 0.0 -0.694 0.72
16.699999999 89.097 -31.479 0.779 -0.009 0.0 -0.701 0.713
17.0 89.102 -33.87 0.835 -0.007 0.001 -0.712 0.702
17.199999999 89.062 -35.446 0.873 -0.007 0.0 -0.72 0.694
17.400000000 88.982 -36.992 0.911 -0.008 -0.0 -0.727 0.686
17.699999999 88.809 -39.259 0.966 -0.008 -0.001 -0.737 0.676
17.900000000 88.664 -40.733 1.004 -0.006 -0.001 -0.742 0.67
18.100000000 88.502 -42.17 1.041 -0.003 -0.002 -0.746 0.666
18.400000000 88.265 -44.233 1.083 -0.001 -0.002 -0.747 0.664
18.600000000 88.12 -45.522 1.114 -0.001 -0.004 -0.746 0.665
18.900000000 87.956 -47.323 1.151 -0.002 -0.004 -0.739 0.674
19.100000000 87.895 -48.431 1.18 -0.003 -0.004 -0.728 0.685
19.400000000 87.918 -49.996 1.223 -0.008 -0.005 -0.703 0.711
19.700000000 88.1 -51.532 1.265 -0.006 -0.002 -0.662 0.75
20.0 88.493 -53.018 1.295 -0.006 0.004 -0.604 0.797
20.300000000 89.1 -54.338 1.316 -0.006 0.001 -0.529 0.849
20.500000000 89.637 -55.112 1.331 -0.008 -0.003 -0.47 0.883
20.800000000 90.626 -56.099 1.345 -0.009 -0.005 -0.377 0.926
21.100000000 91.796 -56.865 1.374 -0.005 0.003 -0.282 0.959
21.400000000 93.099 -57.413 1.385 -0.006 0.011 -0.2 0.98
21.600000000 94.018 -57.682 1.373 -0.011 0.012 -0.16 0.987
21.900000000 95.433 -58.055 1.354 -0.008 0.011 -0.124 0.992
22.200000000 96.949 -58.354 1.324 -0.015 0.011 -0.11 0.994
22.500000000 98.527 -58.676 1.308 -0.018 0.007 -0.109 0.994
22.800000000 100.213 -59.059 1.302 -0.02 0.002 -0.115 0.993
23.0 101.41 -59.343 1.302 -0.02 0.006 -0.121 0.992
23.200000000 102.657 -59.661 1.298 -0.017 0.011 -0.124 0.992
23.500000000 104.572 -60.165 1.283 -0.012 0.006 -0.126 0.992
23.800000000 106.593 -60.655 1.264 -0.014 0.004 -0.123 0.992
24.0 108.025 -61.012 1.262 -0.012 0.01 -0.121 0.993
24.200000000 109.477 -61.341 1.251 -0.016 0.008 -0.119 0.993
24.500000000 111.744 -61.864 1.237 -0.015 0.004 -0.114 0.993
24.700000000 113.33 -62.228 1.236 -0.013 0.007 -0.111 0.994
25.0 115.729 -62.767 1.22 -0.009 0.009 -0.11 0.994
25.200000000 117.374 -63.11 1.209 -0.014 0.007 -0.11 0.994
25.500000000 119.874 -63.629 1.193 -0.023 0.009 -0.113 0.993
25.700000000 121.547 -64.013 1.189 -0.023 0.007 -0.116 0.993
25.900000000 123.215 -64.422 1.194 -0.017 0.007 -0.117 0.993
26.200000000 125.736 -65.013 1.187 -0.019 0.011 -0.119 0.993
26.500000000 128.215 -65.606 1.175 -0.017 0.003 -0.12 0.993
26.700000000 129.857 -66.011 1.191 -0.015 0.003 -0.119 0.993
27.0 132.333 -66.595 1.165 -0.012 0.017 -0.118 0.993
27.200000000 133.938 -66.957 1.141 -0.017 0.006 -0.117 0.993
27.500000000 136.358 -67.513 1.153 -0.014 0.006 -0.112 0.994
27.700000000 137.959 -67.854 1.157 -0.017 0.005 -0.108 0.994
28.0 140.372 -68.351 1.154 -0.02 0.009 -0.106 0.994
28.200000000 141.963 -68.683 1.153 -0.018 0.008 -0.104 0.994
28.500000000 144.321 -69.156 1.152 -0.014 0.007 -0.095 0.995
28.800000000 146.707 -69.573 1.125 -0.014 0.017 -0.088 0.996
29.0 148.301 -69.83 1.11 -0.015 0.011 -0.082 0.996
29.300000000 150.707 -70.178 1.078 -0.016 0.01 -0.072 0.997
29.600000000 153.141 -70.457 1.065 -0.02 0.005 -0.058 0.998
29.900000000 155.617 -70.673 1.048 -0.022 0.013 -0.046 0.999
30.100000000 157.272 -70.796 1.025 -0.022 0.015 -0.039 0.999
30.400000000 159.728 -70.936 0.988 -0.027 0.009 -0.033 0.999
30.700000000 162.2 -71.055 0.951 -0.029 0.015 -0.029 0.999
31.0 164.661 -71.174 0.92 -0.023 0.013 -0.022 0.999
31.300000000 167.126 -71.238 0.864 -0.022 0.014 -0.011 1.0
31.600000000 169.629 -71.272 0.813 -0.013 0.018 -0.002 1.0
31.800000000 171.279 -71.269 0.778 -0.007 0.01 0.005 1.0
32.100000000 173.816 -71.208 0.732 -0.008 0.018 0.014 1.0
32.300000000 175.52 -71.129 0.695 -0.009 0.02 0.018 1.0
32.600000000 178.043 -70.989 0.642 -0.015 0.009 0.021 1.0
32.800000000 179.754 -70.917 0.613 -0.011 0.015 0.023 1.0
33.100000000 182.319 -70.784 0.55 -0.011 0.014 0.025 1.0
33.300000000 184.018 -70.72 0.535 -0.003 0.006 0.027 1.0
33.500000000 185.732 -70.608 0.507 -0.005 0.013 0.028 1.0
33.700000000 187.417 -70.501 0.491 -0.006 0.014 0.029 0.999
34.0 189.931 -70.32 0.452 -0.01 0.012 0.029 0.999
34.200000000 191.607 -70.203 0.427 -0.013 0.015 0.03 0.999
34.500000000 194.063 -70.035 0.393 -0.015 0.011 0.031 0.999
34.700000000 195.687 -69.918 0.356 -0.018 0.015 0.033 0.999
34.899999999 197.248 -69.823 0.323 -0.012 0.021 0.034 0.999
35.200000000 199.465 -69.662 0.289 -0.013 0.013 0.033 0.999
35.399999999 200.85 -69.57 0.274 -0.01 0.009 0.032 0.999
35.700000000 202.867 -69.44 0.263 -0.012 0.015 0.024 1.0
35.899999999 204.181 -69.365 0.23 -0.015 0.016 0.017 1.0
36.200000000 206.109 -69.307 0.212 -0.016 0.006 0.007 1.0
36.399999999 207.417 -69.31 0.199 -0.014 0.009 0.0 1.0
36.700000000 209.33 -69.349 0.191 -0.008 0.014 -0.008 1.0
36.899999999 210.602 -69.356 0.157 -0.01 0.015 -0.008 1.0
37.200000000 212.538 -69.362 0.113 -0.015 0.015 -0.008 1.0
37.399999999 213.834 -69.362 0.091 -0.016 0.007 -0.006 1.0
37.700000000 215.842 -69.352 0.054 -0.017 0.013 -0.0 1.0
38.0 217.899 -69.348 0.017 -0.011 0.025 0.005 1.0
38.300000000 219.957 -69.311 -0.057 -0.008 0.015 0.009 1.0
38.600000000 222.07 -69.291 -0.117 0.001 0.021 0.011 1.0
38.900000000 224.157 -69.258 -0.173 0.009 0.017 0.013 1.0
39.200000000 226.251 -69.201 -0.235 0.012 0.022 0.014 1.0
39.500000000 228.302 -69.144 -0.28 0.014 0.013 0.014 1.0
39.700000000 229.651 -69.1 -0.311 0.012 0.011 0.014 1.0
39.900000000 230.963 -69.066 -0.328 0.014 0.018 0.014 1.0
40.200000000 232.806 -69.006 -0.372 0.015 0.024 0.016 0.999
40.400000000 233.949 -68.973 -0.397 0.02 0.023 0.022 0.999
40.700000000 235.511 -68.841 -0.437 0.023 0.018 0.044 0.999
40.900000000 236.515 -68.702 -0.458 0.024 0.019 0.067 0.997
41.200000000 237.949 -68.371 -0.475 0.025 0.019 0.116 0.993
41.400000000 238.819 -68.039 -0.491 0.021 0.014 0.158 0.987
41.700000000 240.023 -67.385 -0.502 0.007 0.009 0.231 0.973
42.0 241.029 -66.561 -0.514 -0.007 0.007 0.313 0.95
42.300000000 241.911 -65.613 -0.535 -0.019 0.017 0.394 0.919
42.600000000 242.57 -64.57 -0.585 -0.024 0.021 0.47 0.882
42.900000000 243.08 -63.482 -0.631 -0.014 0.022 0.545 0.838
43.200000000 243.405 -62.246 -0.703 -0.01 0.018 0.611 0.791
43.500000000 243.577 -60.855 -0.746 -0.009 0.018 0.662 0.749
43.800000000 243.642 -59.377 -0.796 -0.008 0.014 0.696 0.718
44.100000000 243.597 -57.772 -0.84 -0.008 0.01 0.716 0.698
44.400000000 243.521 -56.028 -0.875 -0.008 0.008 0.724 0.69
44.700000000 243.393 -54.109 -0.915 -0.008 0.008 0.725 0.689
45.0 243.288 -52.025 -0.955 -0.006 0.008 0.724 0.69
45.200000000 243.211 -50.526 -0.99 -0.005 0.008 0.723 0.691
45.500000000 243.102 -48.113 -1.035 -0.004 0.009 0.721 0.692
45.700000000 243.035 -46.418 -1.065 -0.003 0.011 0.72 0.693
45.900000000 242.964 -44.661 -1.099 -0.005 0.014 0.719 0.694
46.200000000 242.862 -42.003 -1.153 -0.005 0.015 0.719 0.694
46.400000000 242.789 -40.241 -1.181 -0.003 0.015 0.72 0.693
46.700000000 242.676 -37.599 -1.233 -0.005 0.023 0.723 0.69
46.900000000 242.582 -35.832 -1.276 -0.004 0.023 0.725 0.688
47.200000000 242.413 -33.228 -1.339 -0.004 0.02 0.727 0.686
47.400000000 242.278 -31.488 -1.372 -0.005 0.016 0.728 0.685
47.700000000 242.094 -28.908 -1.411 -0.004 0.013 0.727 0.686
47.900000000 241.993 -27.205 -1.43 -0.005 0.014 0.726 0.687
48.200000000 241.867 -24.67 -1.465 -0.001 0.02 0.724 0.689
48.400000000 241.78 -23.006 -1.496 -0.001 0.018 0.723 0.691
48.600000000 241.71 -21.346 -1.522 -0.0 0.022 0.723 0.691
48.800000000 241.618 -19.692 -1.56 -0.003 0.023 0.723 0.69
49.0 241.522 -18.069 -1.591 -0.003 0.021 0.725 0.688
49.300000000 241.356 -15.651 -1.636 -0.002 0.018 0.73 0.684
49.600000000 241.157 -13.259 -1.678 -0.006 0.017 0.734 0.679
49.800000000 240.999 -11.692 -1.71 -0.009 0.014 0.737 0.676
50.100000000 240.757 -9.408 -1.761 -0.013 0.01 0.738 0.674
50.300000000 240.606 -7.945 -1.786 -0.015 0.008 0.739 0.674
50.600000000 240.389 -5.857 -1.83 -0.018 0.006 0.738 0.675
50.800000000 240.269 -4.54 -1.853 -0.019 0.006 0.736 0.677
51.100000000 240.112 -2.664 -1.888 -0.019 0.005 0.733 0.68
51.300000000 240.026 -1.484 -1.911 -0.018 0.005 0.731 0.682
51.600000000 239.921 0.158 -1.944 -0.019 0.005 0.727 0.687
51.800000000 239.866 1.176 -1.968 -0.019 0.007 0.723 0.69
52.100000000 239.814 2.562 -1.997 -0.019 0.009 0.719 0.695
52.400000000 239.787 3.801 -2.024 -0.02 0.01 0.713 0.701
52.600000000 239.788 4.544 -2.038 -0.018 0.011 0.709 0.705
52.900000000 239.798 5.505 -2.059 -0.017 0.011 0.703 0.711
53.200000000 239.82 6.258 -2.081 -0.016 0.011 0.699 0.715
53.400000000 239.84 6.625 -2.076 -0.012 0.009 0.696 0.718
53.700000000 239.85 6.986 -2.091 -0.012 0.009 0.695 0.719
54.0 239.86 7.176 -2.095 -0.01 0.008 0.694 0.72
54.300000000 239.86 7.266 -2.097 -0.01 0.008 0.694 0.72
54.600000000 239.858 7.262 -2.097 -0.01 0.008 0.694 0.72
54.900000000 239.859 7.26 -2.096 -0.009 0.007 0.694 0.72
55.200000000 239.86 7.268 -2.098 -0.009 0.007 0.694 0.72
55.500000000 239.86 7.308 -2.1 -0.009 0.006 0.694 0.72
55.700000000 239.863 7.356 -2.1 -0.008 0.006 0.694 0.72
56.100000000 239.872 7.565 -2.106 -0.006 0.004 0.693 0.721
56.400000000 239.894 7.914 -2.111 -0.004 0.003 0.689 0.725
56.700000000 239.936 8.438 -2.121 -0.004 0.002 0.678 0.735
57.0 240.03 9.104 -2.123 -0.006 0.003 0.66 0.751
57.300000000 240.197 9.863 -2.128 -0.007 0.005 0.631 0.775
57.600000000 240.489 10.682 -2.137 -0.004 0.011 0.591 0.807
58.0 241.081 11.838 -2.18 -0.012 0.015 0.513 0.858
58.300000000 241.764 12.667 -2.199 -0.01 0.019 0.439 0.898
58.700000000 242.981 13.657 -2.267 -0.011 0.012 0.321 0.947
59.0 244.183 14.255 -2.307 -0.007 0.016 0.23 0.973
59.300000000 245.594 14.705 -2.354 -0.006 0.014 0.149 0.989
59.700000000 247.789 15.088 -2.413 -0.006 0.014 0.068 0.998
60.0 249.619 15.227 -2.457 -0.003 0.015 0.036 0.999
60.300000000 251.596 15.323 -2.514 -0.003 0.015 0.02 1.0
60.600000000 253.707 15.387 -2.568 -0.002 0.014 0.014 1.0
60.900000000 255.967 15.446 -2.632 -0.001 0.017 0.011 1.0
61.300000000 259.183 15.545 -2.719 -0.002 0.012 0.014 1.0
61.500000000 260.882 15.61 -2.754 -0.004 0.01 0.015 1.0
61.800000000 263.539 15.695 -2.83 -0.002 0.021 0.014 1.0
62.100000000 266.271 15.78 -2.913 0.002 0.013 0.016 1.0
62.400000000 269.13 15.892 -2.972 0.0 0.011 0.017 1.0
62.700000000 272.109 16.004 -3.048 -0.0 0.02 0.017 1.0
63.0 275.14 16.114 -3.141 0.001 0.016 0.017 1.0
63.400000000 279.31 16.274 -3.247 0.003 0.018 0.019 1.0
63.600000000 281.421 16.364 -3.297 0.004 0.015 0.021 1.0
63.900000000 284.601 16.525 -3.36 0.003 0.013 0.023 1.0
64.200000000 287.777 16.702 -3.427 0.001 0.019 0.025 0.999
64.400000000 289.882 16.824 -3.484 0.0 0.019 0.026 0.999
64.700000000 292.999 16.998 -3.558 0.001 0.015 0.026 1.0
64.900000000 295.067 17.116 -3.6 0.0 0.015 0.026 1.0
65.200000000 298.159 17.298 -3.666 -0.002 0.018 0.025 1.0
65.500000000 301.251 17.475 -3.759 -0.005 0.023 0.025 0.999
65.799999999 304.323 17.654 -3.855 -0.01 0.017 0.024 1.0
66.0 306.352 17.774 -3.907 -0.012 0.016 0.024 1.0
66.299999999 309.439 17.938 -3.979 -0.012 0.018 0.024 0.999
66.600000000 312.54 18.103 -4.073 -0.013 0.019 0.024 0.999
66.900000000 315.668 18.261 -4.164 -0.013 0.019 0.022 0.999
67.100000000 317.787 18.363 -4.23 -0.012 0.019 0.022 1.0
67.400000000 320.995 18.518 -4.321 -0.013 0.017 0.022 1.0
67.600000000 323.16 18.624 -4.388 -0.012 0.021 0.022 0.999
67.900000000 326.402 18.773 -4.493 -0.011 0.023 0.021 0.999
68.200000000 329.61 18.916 -4.596 -0.009 0.02 0.021 1.0
68.400000000 331.733 19.009 -4.662 -0.007 0.022 0.022 0.999
68.600000000 333.849 19.1 -4.737 -0.003 0.025 0.022 0.999
68.799999999 335.956 19.194 -4.807 -0.001 0.022 0.022 1.0
69.100000000 339.066 19.341 -4.912 0.002 0.023 0.023 0.999
69.299999999 341.097 19.438 -4.978 0.004 0.026 0.024 0.999
69.600000000 344.075 19.592 -5.085 0.006 0.025 0.026 0.999
69.799999999 346.007 19.705 -5.157 0.005 0.024 0.027 0.999
70.100000000 348.82 19.875 -5.253 0.005 0.026 0.028 0.999
70.299999999 350.623 19.99 -5.317 0.003 0.024 0.028 0.999
70.600000000 353.238 20.144 -5.404 0.003 0.024 0.026 0.999
70.900000000 355.68 20.264 -5.486 0.005 0.026 0.024 0.999
71.200000000 357.926 20.367 -5.567 0.006 0.028 0.021 0.999
71.500000000 359.968 20.455 -5.634 0.006 0.024 0.019 1.0
71.700000000 361.214 20.507 -5.682 0.005 0.023 0.018 1.0
72.100000000 363.447 20.601 -5.75 0.005 0.026 0.02 0.999
72.400000000 364.889 20.702 -5.804 0.004 0.023 0.033 0.999
72.700000000 366.222 20.877 -5.845 0.002 0.022 0.061 0.998
73.0 367.506 21.155 -5.887 0.003 0.026 0.106 0.994
73.299999999 368.683 21.591 -5.932 0.001 0.027 0.17 0.985
73.600000000 369.774 22.185 -5.989 0.0 0.033 0.242 0.97
73.900000000 370.768 22.994 -6.064 -0.005 0.036 0.323 0.946
74.299999999 371.96 24.353 -6.17 0.004 0.044 0.437 0.898
74.600000000 372.653 25.632 -6.251 0.014 0.042 0.525 0.85
75.0 373.178 27.651 -6.326 0.024 0.042 0.635 0.771
75.299999999 373.204 29.332 -6.367 0.01 0.036 0.696 0.717
75.600000000 373.077 31.111 -6.423 0.002 0.036 0.729 0.684
76.0 372.802 33.578 -6.503 0.007 0.023 0.741 0.671
76.299999999 372.618 35.576 -6.538 0.009 0.027 0.74 0.672
76.600000000 372.403 37.659 -6.576 0.006 0.025 0.739 0.674
76.900000000 372.192 39.874 -6.62 0.003 0.02 0.735 0.678
77.200000000 372.003 42.241 -6.677 -0.001 0.022 0.73 0.683
77.400000000 371.887 43.901 -6.722 -0.001 0.02 0.728 0.685
77.700000000 371.738 46.498 -6.8 -0.003 0.025 0.725 0.688
77.900000000 371.646 48.303 -6.866 -0.005 0.029 0.723 0.69
78.200000000 371.517 51.028 -6.966 -0.004 0.024 0.721 0.692
78.500000000 371.393 53.796 -7.054 -0.004 0.025 0.721 0.692
78.700000000 371.3 55.656 -7.11 -0.005 0.025 0.722 0.691
79.0 371.155 58.419 -7.193 -0.006 0.025 0.723 0.69
79.200000000 371.053 60.245 -7.246 -0.006 0.024 0.724 0.689
79.500000000 370.886 62.981 -7.329 -0.008 0.025 0.728 0.685
79.800000000 370.673 65.69 -7.433 -0.01 0.022 0.731 0.682
80.100000000 370.457 68.377 -7.515 -0.009 0.02 0.733 0.68
80.300000000 370.313 70.176 -7.567 -0.01 0.022 0.733 0.68
80.600000000 370.1 72.841 -7.643 -0.01 0.019 0.73 0.683
80.900000000 369.924 75.504 -7.727 -0.013 0.02 0.725 0.688
81.200000000 369.794 78.147 -7.817 -0.012 0.021 0.72 0.694
81.400000000 369.728 79.901 -7.879 -0.012 0.02 0.716 0.697
81.700000000 369.664 82.524 -7.964 -0.012 0.02 0.711 0.703
82.0 369.647 85.123 -8.061 -0.013 0.023 0.707 0.707
82.400000000 369.662 88.415 -8.18 -0.009 0.025 0.704 0.71
82.700000000 369.673 90.67 -8.246 -0.006 0.027 0.704 0.71
83.0 369.672 92.725 -8.304 -0.005 0.03 0.707 0.706
83.300000000 369.636 94.569 -8.363 -0.003 0.031 0.713 0.7
83.500000000 369.595 95.759 -8.399 -0.002 0.031 0.719 0.695
83.900000000 369.449 98.12 -8.472 -0.001 0.028 0.729 0.684
84.200000000 369.299 99.854 -8.519 0.002 0.025 0.735 0.678
84.400000000 369.181 101.032 -8.546 0.002 0.023 0.738 0.674
84.700000000 368.987 102.842 -8.578 0.003 0.023 0.743 0.669
85.0 368.757 104.708 -8.619 0.001 0.018 0.745 0.667
85.400000000 368.443 107.342 -8.673 -0.004 0.021 0.745 0.667
85.700000000 368.193 109.473 -8.76 -0.015 0.028 0.743 0.668
86.100000000 367.865 112.455 -8.888 -0.012 0.019 0.738 0.674
86.400000000 367.659 114.887 -9.006 -0.016 0.025 0.734 0.679
86.800000000 367.381 118.311 -9.158 -0.017 0.015 0.728 0.685
87.100000000 367.224 121.02 -9.254 -0.012 0.007 0.721 0.693
87.400000000 367.158 123.87 -9.325 -0.01 0.015 0.714 0.7
87.700000000 367.126 126.809 -9.435 -0.011 0.019 0.709 0.705
88.0 367.114 129.783 -9.53 -0.008 0.021 0.707 0.707
88.300000000 367.084 132.774 -9.641 -0.012 0.024 0.709 0.705
88.500000000 367.049 134.769 -9.717 -0.008 0.023 0.711 0.703
88.700000000 367.019 136.752 -9.774 -0.003 0.022 0.713 0.7
89.0 366.941 139.728 -9.865 -0.006 0.028 0.716 0.697
89.200000000 366.857 141.672 -9.935 -0.007 0.022 0.718 0.696
89.500000000 366.733 144.594 -10.017 -0.006 0.022 0.72 0.693
89.900000000 366.552 148.472 -10.155 -0.008 0.03 0.724 0.689
90.100000000 366.43 150.377 -10.228 -0.006 0.024 0.727 0.687
90.400000000 366.256 153.247 -10.327 -0.007 0.03 0.728 0.685
90.700000000 366.07 156.078 -10.445 -0.009 0.032 0.729 0.684
90.900000000 365.931 157.948 -10.521 -0.01 0.03 0.728 0.685
91.200000000 365.75 160.724 -10.636 -0.008 0.027 0.727 0.686
91.500000000 365.594 163.466 -10.752 -0.01 0.031 0.726 0.687
91.700000000 365.491 165.265 -10.83 -0.011 0.033 0.725 0.688
91.900000000 365.395 167.005 -10.909 -0.01 0.032 0.724 0.689
92.200000000 365.266 169.529 -11.033 -0.012 0.033 0.723 0.69
92.400000000 365.19 171.115 -11.09 -0.006 0.032 0.723 0.69
92.700000000 365.091 173.351 -11.193 -0.006 0.039 0.723 0.689
92.900000000 365.008 174.74 -11.248 -0.006 0.038 0.724 0.688
93.200000000 364.876 176.645 -11.321 -0.003 0.03 0.727 0.686
93.400000000 364.774 177.854 -11.367 -0.006 0.031 0.73 0.682
93.600000000 364.671 179.014 -11.402 -0.007 0.033 0.735 0.677
93.900000000 364.472 180.651 -11.465 -0.004 0.033 0.752 0.659
94.100000000 364.265 181.693 -11.5 -0.002 0.033 0.77 0.637
94.300000000 363.979 182.722 -11.528 -0.001 0.033 0.794 0.608
94.500000000 363.612 183.691 -11.552 0.001 0.034 0.822 0.569
94.900000000 362.573 185.424 -11.587 0.003 0.034 0.881 0.472
95.200000000 361.512 186.508 -11.603 0.002 0.031 0.923 0.384
95.400000000 360.676 187.125 -11.604 0.003 0.031 0.947 0.319
95.700000000 359.226 187.838 -11.611 0.003 0.026 0.975 0.219
96.0 357.605 188.31 -11.59 0.003 0.029 0.992 0.125
96.200000000 356.445 188.475 -11.578 0.004 0.025 0.997 0.076
96.500000000 354.591 188.594 -11.557 0.004 0.021 0.999 0.031
96.700000000 353.285 188.631 -11.528 0.007 0.022 1.0 0.014
97.0 351.268 188.62 -11.486 0.017 0.024 1.0 -0.008
97.200000000 349.867 188.557 -11.433 0.016 0.023 0.999 -0.02
97.500000000 347.65 188.415 -11.344 0.017 0.02 0.999 -0.03
97.700000000 346.124 188.307 -11.286 0.017 0.019 0.999 -0.034
97.900000000 344.548 188.182 -11.227 0.014 0.018 0.999 -0.039
98.200000000 342.085 187.943 -11.141 0.014 0.015 0.999 -0.046
98.400000000 340.381 187.763 -11.082 0.017 0.013 0.999 -0.048
98.700000000 337.708 187.491 -10.974 0.016 0.012 0.999 -0.046
98.900000000 335.875 187.307 -10.898 0.016 0.01 0.999 -0.044
99.200000000 333.096 187.056 -10.799 0.013 0.008 0.999 -0.039
99.400000000 331.203 186.905 -10.745 0.007 0.007 0.999 -0.037
99.600000000 329.318 186.75 -10.696 0.005 0.006 0.999 -0.035
100.0 325.62 186.482 -10.608 0.007 0.006 0.999 -0.03
100.200000000 323.758 186.368 -10.556 0.008 0.006 1.0 -0.029
100.500000000 320.973 186.188 -10.481 0.01 -0.0 1.0 -0.026
100.700000000 319.086 186.07 -10.435 0.008 -0.003 1.0 -0.023
101.0 316.234 185.947 -10.359 0.008 0.003 1.0 -0.02
101.200000000 314.319 185.865 -10.321 0.007 0.002 1.0 -0.019
101.500000000 311.441 185.726 -10.267 0.004 0.0 1.0 -0.019
101.700000000 309.554 185.631 -10.222 0.01 -0.001 1.0 -0.02
102.0 306.701 185.494 -10.138 0.009 0.001 1.0 -0.021
102.300000000 303.886 185.366 -10.052 0.009 0.0 1.0 -0.019
102.600000000 301.096 185.259 -9.973 0.01 0.0 1.0 -0.014
102.900000000 298.312 185.175 -9.898 0.008 0.002 1.0 -0.013
103.200000000 295.527 185.085 -9.819 0.011 0.003 1.0 -0.013
103.400000000 293.673 185.029 -9.765 0.01 0.008 1.0 -0.017
103.700000000 290.872 184.882 -9.682 0.012 0.005 1.0 -0.023
103.900000000 288.985 184.777 -9.627 0.008 0.004 1.0 -0.024
104.200000000 286.162 184.634 -9.558 0.012 0.007 1.0 -0.025
104.500000000 283.29 184.471 -9.472 0.008 0.007 1.0 -0.025
104.800000000 280.397 184.318 -9.404 0.007 0.008 1.0 -0.023
105.100000000 277.461 184.19 -9.344 0.005 0.011 1.0 -0.019
105.400000000 274.511 184.065 -9.292 0.004 0.01 1.0 -0.017
105.700000000 271.555 183.947 -9.226 0.004 0.011 1.0 -0.019
105.900000000 269.58 183.841 -9.205 0.001 0.01 1.0 -0.023
106.200000000 266.627 183.683 -9.14 0.008 0.01 1.0 -0.025
106.500000000 263.666 183.496 -9.098 0.003 0.006 1.0 -0.027
106.700000000 261.676 183.367 -9.063 0.006 0.006 1.0 -0.029
107.0 258.694 183.176 -8.941 0.017 0.011 0.999 -0.032
107.200000000 256.646 183.024 -8.878 0.007 0.011 0.999 -0.034
107.600000000 252.641 182.744 -8.788 0.008 0.011 0.999 -0.031
107.900000000 249.665 182.564 -8.698 0.01 0.015 0.999 -0.029
108.200000000 246.713 182.392 -8.619 0.006 0.016 1.0 -0.026
108.500000000 243.812 182.225 -8.537 0.007 0.015 1.0 -0.024
108.700000000 241.902 182.127 -8.488 0.005 0.015 1.0 -0.023
109.100000000 238.243 181.967 -8.415 0.004 0.024 0.999 -0.023
109.400000000 235.628 181.818 -8.349 0.009 0.016 1.0 -0.022
109.700000000 233.109 181.702 -8.273 0.006 0.013 1.0 -0.016
110.0 230.723 181.626 -8.206 0.004 0.012 1.0 -0.01
110.400000000 227.793 181.577 -8.142 0.003 0.013 1.0 -0.004
110.700000000 225.832 181.567 -8.096 0.003 0.016 1.0 -0.002
111.0 224.057 181.556 -8.053 0.004 0.02 1.0 -0.007
111.500000000 221.563 181.444 -7.987 0.005 0.022 0.999 -0.035
111.800000000 220.222 181.252 -7.949 0.007 0.022 0.997 -0.074
112.100000000 218.956 180.892 -7.905 0.007 0.02 0.99 -0.136
112.400000000 217.816 180.349 -7.865 0.011 0.012 0.978 -0.208
112.600000000 217.093 179.904 -7.835 0.013 0.011 0.966 -0.257
112.900000000 216.0 179.037 -7.787 0.011 0.009 0.943 -0.333
113.200000000 214.99 177.929 -7.729 0.01 0.01 0.91 -0.415
113.500000000 214.149 176.563 -7.687 0.016 0.009 0.869 -0.494
113.800000000 213.467 174.931 -7.607 0.017 0.009 0.825 -0.565
114.100000000 213.064 173.114 -7.555 0.02 -0.001 0.777 -0.629
114.400000000 212.844 171.151 -7.483 0.021 -0.003 0.742 -0.67
114.700000000 212.763 169.084 -7.421 0.029 -0.003 0.721 -0.692
115.0 212.715 166.901 -7.339 0.022 -0.005 0.714 -0.7
115.300000000 212.703 164.666 -7.257 0.028 0.003 0.71 -0.704
115.600000000 212.697 162.311 -7.161 0.021 0.0 0.708 -0.706
116.0 212.718 159.075 -7.044 0.019 0.004 0.704 -0.71
116.300000000 212.763 156.547 -6.95 0.021 0.003 0.703 -0.711
116.600000000 212.808 153.918 -6.855 0.015 0.002 0.702 -0.712
116.900000000 212.864 151.241 -6.765 0.013 0.006 0.698 -0.716
117.200000000 212.968 148.53 -6.677 0.011 0.004 0.694 -0.72
117.600000000 213.174 144.923 -6.574 0.008 0.001 0.686 -0.727
118.0 213.459 141.331 -6.469 0.014 -0.0 0.679 -0.734
118.300000000 213.703 138.647 -6.397 0.016 -0.004 0.678 -0.735
118.700000000 214.041 135.132 -6.297 0.024 -0.009 0.679 -0.734
119.0 214.259 132.577 -6.208 0.028 -0.009 0.681 -0.732
119.400000000 214.509 129.355 -6.082 0.029 -0.013 0.685 -0.728
119.700000000 214.652 127.117 -5.996 0.03 -0.012 0.69 -0.723
120.0 214.735 125.083 -5.916 0.029 -0.01 0.696 -0.717
120.400000000 214.776 122.581 -5.796 0.028 -0.004 0.705 -0.709
120.700000000 214.779 120.759 -5.72 0.03 -0.005 0.71 -0.703
121.200000000 214.756 117.749 -5.611 0.02 -0.014 0.712 -0.702
121.600000000 214.737 115.388 -5.55 0.015 -0.005 0.702 -0.712
122.0 214.883 113.088 -5.483 0.014 0.002 0.672 -0.741
122.400000000 215.32 110.888 -5.411 0.014 0.001 0.623 -0.782
122.900000000 216.351 108.337 -5.351 0.014 -0.007 0.529 -0.848
123.300000000 217.602 106.591 -5.32 0.017 0.0 0.433 -0.901
123.800000000 219.612 104.867 -5.282 0.008 -0.003 0.31 -0.951
124.200000000 221.488 103.912 -5.263 0.008 -0.002 0.216 -0.976
124.600000000 223.485 103.312 -5.263 0.02 -0.01 0.142 -0.99
125.0 225.516 102.893 -5.281 0.032 -0.012 0.113 -0.993
125.500000000 227.946 102.324 -5.288 0.031 -0.008 0.118 -0.993
126.0 230.185 101.584 -5.304 0.028 -0.018 0.185 -0.982
126.500000000 231.861 100.489 -5.262 0.023 -0.005 0.307 -0.951
127.0 233.065 99.006 -5.245 0.014 -0.007 0.446 -0.895
127.500000000 233.841 97.347 -5.217 0.018 -0.006 0.556 -0.831
128.0 234.303 95.337 -5.167 0.012 -0.004 0.631 -0.776
128.500000000 234.625 93.005 -5.12 0.02 0.002 0.666 -0.746
129.0 234.831 90.211 -5.023 0.013 0.004 0.68 -0.734
129.400000000 235.033 87.69 -4.964 0.012 0.003 0.682 -0.731
129.900000000 235.277 84.173 -4.863 0.016 0.004 0.686 -0.727
130.300000000 235.453 81.102 -4.767 0.014 0.003 0.69 -0.724
130.800000000 235.635 77.072 -4.65 0.013 0.004 0.693 -0.72
131.200000000 235.776 73.698 -4.537 0.018 0.006 0.696 -0.718
131.599999999 235.891 70.213 -4.401 0.012 0.006 0.695 -0.719
132.0 236.042 66.671 -4.275 0.01 0.009 0.691 -0.723
132.400000000 236.25 63.152 -4.132 0.011 0.009 0.688 -0.726
132.800000000 236.46 59.663 -4.017 0.006 0.007 0.685 -0.728
133.200000000 236.687 56.258 -3.888 0.009 0.012 0.685 -0.729
133.599999999 236.901 52.898 -3.757 0.007 0.012 0.685 -0.728
134.99999999 237.194 48.791 -3.594 0.007 0.012 0.683 -0.731
134.700000000 237.558 44.013 -3.393 0.005 0.011 0.681 -0.733
135.200000000 237.886 40.352 -3.234 0.009 0.009 0.679 -0.734
135.599999999 238.143 37.557 -3.118 0.013 0.006 0.678 -0.735
136.99999999 238.428 34.19 -2.975 0.012 0.005 0.681 -0.732
136.500000000 238.621 31.786 -2.873 0.015 0.005 0.685 -0.728
137.0 238.774 29.195 -2.76 0.016 0.0 0.696 -0.718
137.500000000 238.787 27.026 -2.675 0.014 0.001 0.712 -0.702
137.900000000 238.714 25.596 -2.627 0.012 0.001 0.727 -0.686
138.400000000 238.545 24.216 -2.578 0.007 0.003 0.748 -0.664
138.900000000 238.377 23.316 -2.542 0.009 0.006 0.77 -0.638
139.400000000 238.133 22.521 -2.511 0.007 0.008 0.793 -0.609
139.800000000 237.921 21.883 -2.493 0.013 0.009 0.814 -0.581
140.300000000 237.382 20.79 -2.45 0.014 0.012 0.856 -0.517
140.800000000 236.328 19.463 -2.393 0.017 0.009 0.909 -0.416
141.300000000 234.639 18.212 -2.317 0.019 0.013 0.959 -0.283
141.800000000 232.255 17.337 -2.222 0.015 0.02 0.989 -0.146
142.300000000 229.276 16.857 -2.146 0.009 0.021 0.998 -0.058
142.800000000 225.727 16.633 -2.086 0.006 0.022 1.0 -0.018
143.200000000 222.518 16.565 -2.045 0.005 0.024 1.0 -0.008
143.599999999 219.02 16.507 -2.007 0.005 0.026 1.0 -0.008
144.200000000 213.262 16.379 -1.921 0.007 0.03 0.999 -0.014
144.599999999 209.118 16.199 -1.841 0.007 0.028 0.999 -0.022
145.99999999 203.658 15.902 -1.726 0.006 0.029 0.999 -0.028
145.500000000 199.166 15.606 -1.636 0.006 0.027 0.999 -0.032
146.0 193.448 15.219 -1.52 0.005 0.027 0.999 -0.033
146.400000000 188.788 14.892 -1.437 0.004 0.024 0.999 -0.031
146.800000000 184.028 14.594 -1.358 0.001 0.024 0.999 -0.028
147.300000000 177.921 14.263 -1.3 0.001 0.025 0.999 -0.024
147.700000000 172.941 14.039 -1.23 0.004 0.028 0.999 -0.021
148.99999999 167.864 13.798 -1.169 0.002 0.025 0.999 -0.02
148.500000000 162.737 13.585 -1.087 0.003 0.027 0.999 -0.02
149.0 156.23 13.297 -0.985 0.002 0.027 0.999 -0.021
149.400000000 151.022 13.043 -0.903 0.001 0.026 0.999 -0.023
149.900000000 144.547 12.709 -0.815 0.001 0.026 0.999 -0.025
150.300000000 139.381 12.42 -0.723 0.001 0.024 0.999 -0.027
150.800000000 132.987 12.05 -0.661 -0.004 0.024 0.999 -0.028
151.200000000 127.943 11.743 -0.624 -0.005 0.026 0.999 -0.03
151.700000000 121.835 11.35 -0.56 -0.001 0.025 0.999 -0.029
152.200000000 116.071 11.003 -0.448 -0.001 0.023 0.999 -0.027
152.500000000 112.839 10.82 -0.387 -0.0 0.023 0.999 -0.025
153.99999999 106.952 10.535 -0.283 -0.002 0.025 0.999 -0.022
153.400000000 104.313 10.415 -0.24 -0.003 0.024 1.0 -0.02
153.800000000 101.14 10.288 -0.203 -0.006 0.028 0.999 -0.022
154.100000000 99.015 10.161 -0.189 -0.006 0.034 0.999 -0.04
154.500000000 96.489 9.796 -0.164 -0.005 0.038 0.995 -0.094
154.900000000 94.309 9.101 -0.118 -0.003 0.03 0.985 -0.172
155.300000000 92.421 8.005 -0.07 -0.002 0.013 0.963 -0.271
155.800000000 90.504 6.178 -0.025 -0.004 0.003 0.914 -0.405
156.200000000 89.454 4.44 -0.011 -0.002 0.002 0.86 -0.51
156.700000000 88.739 1.996 0.018 0.005 -0.001 0.784 -0.621
157.100000000 88.497 -0.072 0.063 0.008 -0.0 0.742 -0.671
157.600000000 88.352 -2.85 0.123 0.009 0.003 0.72 -0.694
158.0 88.273 -5.271 0.178 0.006 0.005 0.718 -0.696
158.400000000 88.183 -7.878 0.228 0.003 0.007 0.718 -0.696
158.800000000 88.088 -10.75 0.285 -0.002 0.013 0.715 -0.699
159.200000000 88.046 -13.856 0.336 -0.007 0.016 0.703 -0.711
159.600000000 88.202 -17.189 0.396 -0.003 0.015 0.689 -0.725
160.0 88.498 -20.68 0.484 0.004 0.008 0.682 -0.731
160.400000000 88.763 -24.17 0.584 0.009 0.002 0.689 -0.725
160.800000000 88.879 -27.613 0.673 0.01 -0.002 0.704 -0.71
161.400000000 88.735 -32.71 0.8 0.007 0.001 0.728 -0.686
161.700000000 88.557 -35.247 0.866 0.008 0.003 0.734 -0.679
162.100000000 88.291 -38.698 0.954 0.009 0.005 0.734 -0.679
162.500000000 88.048 -42.258 1.037 0.006 0.002 0.731 -0.682
162.900000000 87.844 -45.893 1.111 0.012 -0.003 0.735 -0.678
163.300000000 87.499 -49.489 1.215 0.02 -0.006 0.753 -0.657
163.700000000 86.85 -53.004 1.311 0.014 -0.005 0.779 -0.627
164.100000000 85.931 -56.392 1.416 0.007 0.002 0.803 -0.597
164.500000000 84.81 -59.719 1.46 -0.003 -0.002 0.817 -0.577
165.0 83.297 -63.875 1.505 0.005 0.006 0.819 -0.574
165.400000000 82.022 -67.339 1.566 -0.002 0.002 0.823 -0.568
165.800000000 80.619 -70.809 1.605 0.001 0.005 0.836 -0.548
166.200000000 78.977 -74.255 1.688 0.007 0.009 0.849 -0.528
166.600000000 77.209 -77.751 1.782 0.002 0.009 0.852 -0.523
166.900000000 75.872 -80.424 1.841 0.002 0.007 0.853 -0.521
167.300000000 74.084 -83.93 1.923 0.005 -0.0 0.86 -0.511
167.700000000 72.16 -87.293 1.992 0.003 -0.004 0.872 -0.489
168.100000000 70.072 -90.478 2.057 0.006 -0.004 0.887 -0.462
168.500000000 67.846 -93.474 2.123 0.003 -0.003 0.9 -0.437
168.800000000 66.106 -95.608 2.165 0.001 0.002 0.905 -0.426
169.300000000 63.325 -98.96 2.234 -0.002 0.006 0.904 -0.427
169.700000000 61.394 -101.403 2.288 -0.004 0.008 0.899 -0.438
170.100000000 59.708 -103.638 2.34 -0.002 0.008 0.896 -0.444
170.500000000 58.054 -105.774 2.393 -0.001 0.012 0.899 -0.438
170.800000000 56.796 -107.354 2.414 -0.007 0.006 0.903 -0.43
171.300000000 54.651 -109.965 2.45 0.001 0.005 0.906 -0.423
171.700000000 52.811 -112.18 2.466 -0.005 0.003 0.905 -0.425
172.100000000 50.969 -114.541 2.463 -0.004 -0.0 0.898 -0.44
172.500000000 49.147 -117.099 2.457 0.009 -0.012 0.893 -0.45
172.900000000 47.208 -119.821 2.497 0.01 -0.016 0.891 -0.454
173.400000000 44.607 -123.392 2.531 0.008 -0.014 0.892 -0.452
173.800000000 42.407 -126.417 2.543 0.009 -0.018 0.893 -0.449
174.200000000 40.103 -129.537 2.546 0.001 -0.024 0.895 -0.446
174.500000000 38.393 -131.884 2.533 0.009 -0.026 0.894 -0.447
174.800000000 36.65 -134.214 2.539 0.005 -0.022 0.892 -0.451
175.200000000 34.4 -137.305 2.541 0.003 -0.014 0.889 -0.457
175.500000000 32.744 -139.661 2.535 0.0 -0.02 0.89 -0.455
175.800000000 31.099 -141.98 2.497 0.003 -0.025 0.892 -0.452
176.100000000 29.439 -144.263 2.522 0.011 -0.023 0.893 -0.449
176.400000000 27.766 -146.507 2.515 0.004 -0.022 0.894 -0.448
176.800000000 25.603 -149.469 2.541 0.009 -0.021 0.893 -0.449
177.100000000 24.028 -151.609 2.551 0.003 -0.022 0.894 -0.448
177.400000000 22.546 -153.596 2.576 0.011 -0.015 0.896 -0.444
177.600000000 21.564 -154.854 2.596 -0.001 -0.017 0.898 -0.439
177.900000000 20.226 -156.556 2.601 0.002 -0.014 0.901 -0.433
178.100000000 19.384 -157.588 2.616 0.006 -0.01 0.902 -0.431
178.400000000 18.223 -159.027 2.637 -0.002 -0.002 0.897 -0.442
178.700000000 17.216 -160.471 2.661 -0.006 0.009 0.877 -0.48
179.0 16.455 -162.012 2.67 -0.007 0.006 0.845 -0.535
179.300000000 15.909 -163.591 2.698 -0.001 0.011 0.809 -0.588
179.600000000 15.567 -165.277 2.72 -0.002 0.009 0.769 -0.639
179.800000000 15.458 -166.47 2.735 -0.003 0.001 0.746 -0.666
180.100000000 15.408 -168.303 2.741 0.001 -0.008 0.721 -0.693
180.400000000 15.432 -170.185 2.738 0.01 -0.015 0.711 -0.703
180.700000000 15.421 -172.143 2.739 0.01 -0.016 0.712 -0.702
181.0 15.385 -174.161 2.736 0.012 -0.015 0.718 -0.695
181.300000000 15.299 -176.229 2.752 0.017 -0.011 0.725 -0.688
181.600000000 15.187 -178.388 2.769 0.015 -0.019 0.732 -0.681
181.800000000 15.082 -179.831 2.779 0.018 -0.018 0.735 -0.678
182.0 14.948 -181.307 2.797 0.014 -0.014 0.736 -0.677
182.400000000 14.725 -184.304 2.811 0.012 -0.017 0.735 -0.678
182.600000000 14.622 -185.837 2.809 0.013 -0.019 0.734 -0.678
182.800000000 14.52 -187.383 2.815 0.011 -0.022 0.733 -0.68
183.0 14.405 -188.917 2.816 0.011 -0.018 0.733 -0.68
183.200000000 14.306 -190.461 2.814 0.015 -0.019 0.733 -0.68
183.400000000 14.186 -192.029 2.823 0.013 -0.02 0.734 -0.679
183.600000000 14.079 -193.613 2.814 0.017 -0.019 0.735 -0.678
183.900000000 13.884 -196.017 2.842 0.019 -0.017 0.738 -0.675
184.200000000 13.664 -198.477 2.861 0.014 -0.016 0.739 -0.673
184.400000000 13.512 -200.156 2.87 0.01 -0.016 0.739 -0.673
184.700000000 13.273 -202.662 2.879 0.008 -0.012 0.739 -0.674
184.900000000 13.133 -204.344 2.885 0.008 -0.012 0.737 -0.675
185.200000000 12.94 -206.853 2.891 0.008 -0.011 0.734 -0.678
185.400000000 12.838 -208.53 2.91 0.015 -0.01 0.733 -0.679
185.600000000 12.716 -210.217 2.912 0.007 -0.017 0.734 -0.679
185.900000000 12.554 -212.749 2.926 0.016 -0.019 0.735 -0.678
186.100000000 12.419 -214.474 2.934 0.014 -0.02 0.735 -0.677
186.400000000 12.214 -217.063 2.931 0.01 -0.019 0.736 -0.677
186.600000000 12.068 -218.79 2.934 0.011 -0.014 0.735 -0.678
186.800000000 11.925 -220.544 2.929 0.006 -0.014 0.735 -0.678
187.200000000 11.679 -224.08 2.918 0.009 -0.019 0.735 -0.678
187.500000000 11.483 -226.751 2.91 0.011 -0.021 0.737 -0.676
187.700000000 11.332 -228.559 2.906 0.009 -0.019 0.737 -0.675
188.0 11.096 -231.25 2.907 0.009 -0.018 0.739 -0.674
188.200000000 10.958 -233.071 2.901 0.009 -0.025 0.74 -0.672
188.400000000 10.81 -234.863 2.883 0.014 -0.025 0.74 -0.671
188.600000000 10.636 -236.611 2.902 0.015 -0.019 0.741 -0.672
188.900000000 10.395 -239.25 2.892 0.01 -0.019 0.739 -0.673
189.100000000 10.247 -240.987 2.904 0.014 -0.017 0.737 -0.675
189.300000000 10.102 -242.731 2.899 0.008 -0.019 0.736 -0.676
189.500000000 9.976 -244.446 2.914 0.013 -0.017 0.735 -0.678
189.800000000 9.786 -246.963 2.918 0.01 -0.019 0.734 -0.679
190.0 9.678 -248.642 2.92 0.008 -0.02 0.732 -0.681
190.200000000 9.559 -250.273 2.925 0.008 -0.016 0.731 -0.682
190.500000000 9.418 -252.63 2.917 0.004 -0.02 0.73 -0.683
190.700000000 9.332 -254.157 2.918 0.004 -0.021 0.73 -0.683
191.0 9.203 -256.327 2.911 0.009 -0.017 0.731 -0.682
191.200000000 9.098 -257.719 2.915 0.008 -0.016 0.734 -0.679
191.500000000 8.925 -259.702 2.923 0.008 -0.016 0.742 -0.67
191.700000000 8.766 -260.954 2.927 0.006 -0.016 0.75 -0.661
192.200000000 8.266 -263.852 2.915 -0.006 -0.013 0.769 -0.639
192.400000000 8.043 -264.868 2.905 -0.007 -0.008 0.776 -0.631
192.600000000 7.821 -265.806 2.904 -0.008 -0.006 0.781 -0.624
192.900000000 7.507 -267.05 2.9 -0.011 -0.004 0.786 -0.618
193.100000000 7.331 -267.767 2.896 -0.013 -0.002 0.785 -0.619
193.400000000 7.141 -268.692 2.892 -0.011 -0.002 0.778 -0.628
193.600000000 7.062 -269.242 2.897 -0.008 -0.0 0.768 -0.64
193.900000000 6.992 -270.039 2.889 -0.009 0.0 0.746 -0.666
194.100000000 7.003 -270.55 2.884 -0.008 -0.001 0.725 -0.689
194.400000000 7.096 -271.32 2.879 -0.01 -0.007 0.686 -0.728
194.700000000 7.303 -272.05 2.876 -0.005 -0.012 0.635 -0.773
195.0 7.647 -272.827 2.856 -0.005 -0.008 0.57 -0.822
195.300000000 8.14 -273.606 2.858 -0.009 -0.002 0.493 -0.87
195.600000000 8.917 -274.342 2.833 -0.001 -0.002 0.407 -0.914
195.800000000 9.499 -274.813 2.831 -0.002 -0.002 0.344 -0.939
196.200000000 10.988 -275.56 2.829 0.005 -0.007 0.235 -0.972
196.500000000 12.35 -275.986 2.809 0.016 -0.005 0.176 -0.984
196.700000000 13.391 -276.28 2.786 0.014 -0.005 0.148 -0.989
197.0 15.135 -276.681 2.784 0.013 -0.005 0.111 -0.994
197.300000000 17.05 -277.007 2.783 0.014 -0.002 0.075 -0.997
197.800000000 20.653 -277.352 2.771 0.014 -0.006 0.038 -0.999
198.0 22.237 -277.436 2.76 0.017 -0.004 0.031 -0.999
198.300000000 24.699 -277.551 2.744 0.02 -0.003 0.027 -0.999
198.500000000 26.446 -277.65 2.751 0.018 -0.001 0.028 -0.999
198.700000000 28.243 -277.747 2.745 0.019 -0.002 0.03 -0.999
199.0 31.03 -277.939 2.743 0.015 -0.007 0.034 -0.999
199.200000000 32.927 -278.079 2.742 0.012 -0.002 0.038 -0.999
199.400000000 34.862 -278.21 2.754 0.013 0.001 0.04 -0.999
199.600000000 36.841 -278.378 2.748 0.008 -0.006 0.041 -0.999
199.800000000 38.81 -278.534 2.73 0.008 -0.007 0.042 -0.999
200.100000000 41.784 -278.764 2.747 0.011 -0.002 0.042 -0.999
200.400000000 44.803 -278.978 2.741 0.014 -0.007 0.04 -0.999
200.600000000 46.831 -279.112 2.722 0.018 -0.011 0.04 -0.999
200.900000000 49.877 -279.326 2.688 0.02 -0.011 0.038 -0.999
201.200000000 52.919 -279.537 2.664 0.02 -0.005 0.038 -0.999
201.500000000 55.966 -279.763 2.642 0.018 -0.009 0.039 -0.999
201.800000000 59.016 -279.976 2.645 0.023 -0.007 0.043 -0.999
202.100000000 62.077 -280.223 2.611 0.024 -0.015 0.047 -0.999
202.300000000 64.09 -280.42 2.596 0.018 -0.009 0.047 -0.999
202.600000000 67.141 -280.673 2.555 0.017 -0.014 0.042 -0.999
203.100000000 72.187 -281.028 2.517 0.022 -0.007 0.037 -0.999
203.300000000 74.23 -281.147 2.512 0.025 -0.009 0.036 -0.999
203.600000000 77.247 -281.332 2.502 0.026 -0.006 0.037 -0.999
203.900000000 80.268 -281.557 2.484 0.022 -0.01 0.04 -0.999
204.200000000 83.273 -281.79 2.488 0.02 -0.007 0.041 -0.999
204.400000000 85.298 -281.953 2.457 0.016 -0.015 0.043 -0.999
204.700000000 88.249 -282.187 2.454 0.019 0.0 0.045 -0.999
205.0 91.266 -282.46 2.448 0.017 -0.012 0.049 -0.999
205.300000000 94.258 -282.769 2.425 0.016 -0.008 0.055 -0.998
205.600000000 97.243 -283.12 2.405 0.015 -0.009 0.063 -0.998
205.900000000 100.205 -283.532 2.375 0.01 -0.013 0.072 -0.997
206.100000000 102.171 -283.834 2.37 0.006 -0.012 0.077 -0.997
206.500000000 106.033 -284.427 2.318 0.013 -0.009 0.082 -0.996
206.700000000 107.95 -284.739 2.301 0.01 -0.011 0.082 -0.996
207.100000000 111.747 -285.352 2.268 0.003 -0.013 0.077 -0.997
207.400000000 114.552 -285.757 2.248 0.001 -0.007 0.072 -0.997
207.700000000 117.324 -286.165 2.221 -0.009 -0.015 0.07 -0.997
207.900000000 119.113 -286.432 2.19 -0.015 -0.017 0.069 -0.997
208.200000000 121.692 -286.787 2.149 -0.014 -0.011 0.072 -0.997
208.500000000 124.196 -287.161 2.108 -0.014 -0.016 0.079 -0.997
208.900000000 127.306 -287.711 2.053 -0.016 -0.013 0.095 -0.995
209.200000000 129.447 -288.142 2.016 -0.012 -0.015 0.109 -0.994
209.500000000 131.375 -288.586 2.002 -0.006 -0.008 0.123 -0.992
209.700000000 132.571 -288.887 1.982 -0.005 -0.016 0.129 -0.992
210.0 134.212 -289.35 1.965 -0.012 -0.017 0.133 -0.991
210.200000000 135.267 -289.614 1.939 -0.009 -0.012 0.131 -0.991
210.500000000 136.854 -290.031 1.911 -0.019 -0.012 0.117 -0.993
210.800000000 138.469 -290.309 1.879 -0.017 -0.017 0.085 -0.996
211.0 139.5 -290.422 1.868 -0.019 -0.013 0.053 -0.998
211.300000000 141.082 -290.406 1.838 -0.019 -0.007 -0.011 -1.0
211.600000000 142.692 -290.135 1.831 -0.019 -0.011 -0.088 -0.996
211.900000000 144.257 -289.592 1.825 -0.016 -0.012 -0.174 -0.985
212.200000000 145.738 -288.779 1.816 -0.014 -0.015 -0.263 -0.965
212.500000000 147.077 -287.655 1.788 -0.008 -0.016 -0.352 -0.936
212.800000000 148.278 -286.278 1.759 -0.008 -0.018 -0.431 -0.902
213.100000000 149.316 -284.617 1.733 -0.008 -0.005 -0.491 -0.871
213.400000000 150.259 -282.748 1.725 0.001 -0.006 -0.52 -0.854
213.600000000 150.895 -281.429 1.717 0.006 -0.007 -0.526 -0.85
213.900000000 151.883 -279.381 1.694 0.008 -0.003 -0.526 -0.851
214.100000000 152.577 -277.976 1.682 0.009 -0.001 -0.524 -0.852
214.600000000 154.445 -274.281 1.664 0.013 0.005 -0.516 -0.857
214.800000000 155.271 -272.73 1.659 0.013 0.003 -0.513 -0.858
215.0 156.138 -271.117 1.659 0.01 0.003 -0.512 -0.859
215.200000000 157.022 -269.472 1.653 0.011 0.002 -0.511 -0.859
215.400000000 157.927 -267.804 1.633 0.012 -0.003 -0.51 -0.86
215.700000000 159.31 -265.271 1.633 0.009 0.005 -0.505 -0.863
215.900000000 160.258 -263.594 1.634 0.011 0.002 -0.5 -0.866
216.200000000 161.744 -261.092 1.63 0.012 0.0 -0.488 -0.873
216.400000000 162.779 -259.46 1.635 0.009 -0.0 -0.478 -0.878
216.700000000 164.392 -257.073 1.63 0.006 -0.006 -0.466 -0.885
217.0 166.069 -254.726 1.609 -0.001 -0.01 -0.458 -0.889
217.300000000 167.769 -252.349 1.57 -0.005 -0.014 -0.46 -0.888
217.500000000 168.897 -250.738 1.553 -0.009 -0.018 -0.466 -0.885
217.800000000 170.522 -248.269 1.52 -0.01 -0.015 -0.476 -0.879
218.100000000 172.113 -245.761 1.496 -0.014 -0.017 -0.487 -0.873
218.300000000 173.155 -244.06 1.484 -0.018 -0.024 -0.494 -0.869
218.600000000 174.648 -241.486 1.45 -0.022 -0.025 -0.503 -0.863
218.900000000 176.081 -238.876 1.427 -0.026 -0.026 -0.511 -0.859
219.200000000 177.47 -236.237 1.391 -0.022 -0.029 -0.516 -0.856
219.500000000 178.823 -233.621 1.362 -0.021 -0.024 -0.517 -0.855
219.900000000 180.616 -230.178 1.341 -0.022 -0.018 -0.514 -0.857
220.200000000 181.962 -227.639 1.353 -0.017 -0.018 -0.511 -0.859
220.400000000 182.87 -225.972 1.341 -0.016 -0.022 -0.509 -0.86
220.700000000 184.205 -223.513 1.322 -0.017 -0.022 -0.511 -0.859
220.900000000 185.067 -221.887 1.308 -0.016 -0.018 -0.511 -0.859
221.200000000 186.342 -219.525 1.287 -0.016 -0.025 -0.513 -0.858
221.500000000 187.537 -217.244 1.267 -0.019 -0.019 -0.515 -0.857
221.800000000 188.684 -215.055 1.253 -0.018 -0.025 -0.518 -0.855
222.0 189.399 -213.675 1.253 -0.017 -0.025 -0.52 -0.854
222.300000000 190.383 -211.713 1.234 -0.016 -0.021 -0.521 -0.853
222.600000000 191.291 -209.886 1.219 -0.01 -0.022 -0.523 -0.852
222.800000000 191.861 -208.771 1.216 -0.012 -0.025 -0.523 -0.852
223.100000000 192.619 -207.241 1.194 -0.013 -0.02 -0.522 -0.853
223.300000000 193.1 -206.322 1.188 -0.012 -0.023 -0.518 -0.855
223.600000000 193.742 -205.137 1.18 -0.013 -0.023 -0.511 -0.859
223.900000000 194.302 -204.15 1.156 -0.01 -0.027 -0.5 -0.866
224.200000000 194.762 -203.406 1.149 -0.007 -0.027 -0.486 -0.873
224.500000000 195.164 -202.812 1.142 -0.01 -0.025 -0.473 -0.881
224.800000000 195.57 -202.228 1.118 -0.009 -0.02 -0.46 -0.888
225.100000000 196.0 -201.67 1.106 -0.011 -0.018 -0.447 -0.894
225.700000000 196.967 -200.468 1.083 -0.012 -0.008 -0.425 -0.905
226.0 197.672 -199.621 1.068 -0.01 -0.007 -0.419 -0.908
226.300000000 198.51 -198.596 1.041 -0.006 -0.004 -0.423 -0.906
226.600000000 199.503 -197.383 1.048 -0.006 -0.012 -0.432 -0.902
227.0 200.913 -195.515 0.988 -0.003 -0.021 -0.451 -0.892
227.300000000 202.008 -193.952 0.943 -0.011 -0.019 -0.467 -0.884
227.700000000 203.511 -191.622 0.892 -0.022 -0.022 -0.487 -0.873
228.0 204.631 -189.727 0.854 -0.022 -0.028 -0.498 -0.866
228.400000000 206.155 -187.069 0.797 -0.026 -0.032 -0.504 -0.863
228.700000000 207.32 -184.956 0.741 -0.023 -0.032 -0.505 -0.862
229.0 208.507 -182.774 0.688 -0.022 -0.024 -0.506 -0.862
229.300000000 209.758 -180.513 0.643 -0.021 -0.027 -0.505 -0.862
229.600000000 211.035 -178.218 0.589 -0.017 -0.031 -0.505 -0.862
229.900000000 212.306 -175.92 0.524 -0.017 -0.027 -0.504 -0.863
230.200000000 213.597 -173.625 0.476 -0.017 -0.029 -0.504 -0.863
230.500000000 214.875 -171.34 0.413 -0.018 -0.031 -0.504 -0.863
230.900000000 216.559 -168.354 0.361 -0.024 -0.027 -0.506 -0.862
231.300000000 218.138 -165.478 0.324 -0.023 -0.029 -0.507 -0.861
231.700000000 219.57 -162.852 0.289 -0.024 -0.032 -0.511 -0.858
232.100000000 220.758 -160.494 0.253 -0.019 -0.031 -0.523 -0.851
232.700000000 222.124 -157.27 0.23 -0.025 -0.025 -0.573 -0.819
233.100000000 222.643 -155.085 0.233 -0.016 -0.024 -0.628 -0.777
233.600000000 222.842 -152.293 0.224 -0.009 -0.015 -0.694 -0.72
234.0 222.743 -149.878 0.201 0.002 -0.017 -0.723 -0.691
234.400000000 222.535 -147.283 0.136 0.005 -0.016 -0.733 -0.681
234.900000000 222.275 -143.702 0.06 -0.006 -0.018 -0.734 -0.679
235.400000000 221.966 -139.705 -0.007 -0.006 -0.017 -0.73 -0.683
235.800000000 221.791 -136.226 -0.052 -0.011 -0.022 -0.724 -0.689
236.300000000 221.621 -131.523 -0.133 -0.017 -0.028 -0.718 -0.695
236.800000000 221.446 -126.524 -0.152 -0.015 -0.029 -0.718 -0.695
237.300000000 221.235 -121.433 -0.198 -0.02 -0.026 -0.722 -0.691
237.800000000 220.945 -116.295 -0.231 -0.012 -0.031 -0.725 -0.688
238.400000000 220.609 -110.292 -0.274 -0.013 -0.032 -0.725 -0.688
238.900000000 220.372 -105.439 -0.291 -0.021 -0.026 -0.723 -0.69
239.500000000 220.127 -99.675 -0.313 -0.023 -0.034 -0.722 -0.691
240.200000000 219.813 -93.147 -0.355 -0.021 -0.041 -0.727 -0.685
240.800000000 219.444 -87.973 -0.396 -0.019 -0.037 -0.731 -0.681
241.300000000 219.155 -84.185 -0.427 -0.014 -0.036 -0.729 -0.683
241.900000000 218.99 -80.362 -0.489 -0.012 -0.034 -0.707 -0.706
242.500000000 219.315 -76.959 -0.568 -0.006 -0.031 -0.644 -0.765
243.400000000 221.282 -72.348 -0.715 0.007 -0.022 -0.45 -0.893
244.0 223.821 -70.131 -0.818 0.003 -0.008 -0.291 -0.957
244.700000000 227.95 -68.541 -0.883 0.001 -0.009 -0.119 -0.993
245.300000000 232.134 -68.021 -0.91 -0.006 -0.013 -0.041 -0.999
245.800000000 235.891 -67.831 -0.96 -0.018 -0.011 -0.026 -0.999
246.400000000 240.619 -67.575 -1.029 -0.031 -0.004 -0.024 -0.999
246.900000000 244.758 -67.365 -1.041 -0.043 -0.013 -0.028 -0.999
247.500000000 250.059 -66.975 -1.131 -0.03 -0.007 -0.03 -0.999
248.100000000 255.85 -66.593 -1.227 -0.022 -0.017 -0.027 -0.999
248.700000000 261.943 -66.231 -1.341 -0.023 -0.018 -0.029 -0.999
249.300000000 268.272 -65.815 -1.45 -0.023 -0.016 -0.032 -0.999
249.800000000 273.601 -65.455 -1.554 -0.024 -0.014 -0.032 -0.999
250.300000000 278.873 -65.08 -1.632 -0.025 -0.015 -0.035 -0.999
250.900000000 285.11 -64.604 -1.763 -0.019 -0.015 -0.033 -0.999
251.300000000 289.236 -64.308 -1.843 -0.015 -0.014 -0.032 -0.999
251.900000000 295.41 -63.886 -1.978 -0.014 -0.018 -0.032 -0.999
252.300000000 299.462 -63.606 -2.052 -0.017 -0.017 -0.036 -0.999
252.800000000 304.463 -63.173 -2.212 -0.016 -0.018 -0.043 -0.999
253.300000000 309.421 -62.682 -2.306 -0.019 -0.012 -0.054 -0.998
253.700000000 313.369 -62.184 -2.379 -0.015 -0.018 -0.064 -0.998
254.500000000 321.226 -61.007 -2.571 0.007 -0.015 -0.064 -0.998
254.900000000 325.211 -60.516 -2.685 0.011 -0.022 -0.052 -0.998
255.400000000 330.202 -60.037 -2.81 0.011 -0.017 -0.039 -0.999
255.700000000 333.2 -59.818 -2.882 0.009 -0.016 -0.034 -0.999
256.100000000 337.235 -59.535 -2.983 0.014 -0.017 -0.028 -0.999
256.500000000 341.287 -59.293 -3.094 0.015 -0.016 -0.026 -0.999
256.900000000 345.31 -59.084 -3.192 0.009 -0.019 -0.026 -0.999
257.199999999 348.261 -58.923 -3.289 0.008 -0.023 -0.025 -0.999
257.600000000 352.011 -58.745 -3.387 0.002 -0.019 -0.023 -1.0
258.0 355.572 -58.574 -3.478 0.008 -0.02 -0.015 -1.0
258.400000000 358.91 -58.5 -3.556 0.008 -0.022 -0.004 -1.0
258.900000000 362.637 -58.51 -3.675 0.003 -0.021 0.003 -1.0
259.300000000 365.339 -58.513 -3.733 0.001 -0.013 0.001 -1.0
259.699999999 368.02 -58.503 -3.794 -0.007 -0.021 -0.009 -1.0
260.0 369.977 -58.405 -3.851 -0.008 -0.018 -0.029 -0.999
260.500000000 373.332 -57.987 -3.954 -0.0 -0.018 -0.064 -0.998
260.900000000 376.257 -57.511 -4.049 0.008 -0.014 -0.074 -0.997
261.400000000 380.262 -56.947 -4.178 0.01 -0.017 -0.06 -0.998
261.699999999 382.837 -56.67 -4.273 0.013 -0.019 -0.044 -0.999
262.100000000 386.455 -56.431 -4.381 0.012 -0.011 -0.022 -1.0
262.699999999 392.297 -56.275 -4.543 0.006 -0.018 -0.008 -1.0
263.0 395.41 -56.214 -4.653 0.002 -0.02 -0.01 -1.0
263.199999999 397.542 -56.149 -4.728 0.003 -0.02 -0.014 -1.0
263.500000000 400.746 -56.042 -4.839 -0.002 -0.02 -0.019 -1.0
263.800000000 403.957 -55.884 -4.927 -0.002 -0.021 -0.024 -0.999
264.0 406.118 -55.758 -5.0 -0.0 -0.025 -0.026 -0.999
264.300000000 409.315 -55.561 -5.119 0.001 -0.024 -0.029 -0.999
264.600000000 412.479 -55.349 -5.223 0.003 -0.019 -0.03 -0.999
264.800000000 414.58 -55.216 -5.294 0.002 -0.025 -0.029 -0.999
265.100000000 417.717 -55.02 -5.422 0.003 -0.025 -0.029 -0.999
265.400000000 420.816 -54.813 -5.535 0.006 -0.019 -0.028 -0.999
265.600000000 422.852 -54.704 -5.587 0.003 -0.02 -0.027 -0.999
265.900000000 425.857 -54.544 -5.683 -0.001 -0.025 -0.027 -0.999
266.100000000 427.774 -54.421 -5.745 0.002 -0.021 -0.027 -0.999
266.400000000 430.542 -54.234 -5.824 0.003 -0.023 -0.034 -0.999
266.600000000 432.32 -54.098 -5.879 0.001 -0.025 -0.04 -0.999
266.800000000 434.036 -53.932 -5.947 0.002 -0.028 -0.047 -0.999
267.100000000 436.464 -53.652 -6.038 0.003 -0.025 -0.057 -0.998
267.400000000 438.747 -53.332 -6.115 0.004 -0.022 -0.069 -0.997
267.600000000 440.175 -53.096 -6.162 0.005 -0.024 -0.079 -0.997
268.100000000 443.359 -52.457 -6.281 0.021 -0.028 -0.086 -0.996
268.300000000 444.457 -52.269 -6.32 0.024 -0.028 -0.073 -0.997
268.600000000 446.007 -52.121 -6.386 0.031 -0.027 -0.029 -0.999
268.800000000 447.014 -52.167 -6.418 0.032 -0.027 0.019 -0.999
269.100000000 448.342 -52.431 -6.466 0.033 -0.024 0.111 -0.993
269.400000000 449.537 -53.0 -6.489 0.023 -0.02 0.216 -0.976
269.699999999 450.555 -53.797 -6.489 0.019 -0.022 0.319 -0.947
270.0 451.347 -54.772 -6.528 0.011 -0.023 0.415 -0.91
270.300000000 451.959 -55.862 -6.526 0.008 -0.022 0.504 -0.863
270.600000000 452.367 -57.044 -6.562 0.012 -0.021 0.582 -0.813
270.900000000 452.625 -58.388 -6.561 0.012 -0.016 0.64 -0.768
271.199999999 452.778 -59.893 -6.58 0.016 -0.013 0.678 -0.735
271.400000000 452.821 -60.97 -6.567 0.013 -0.01 0.69 -0.723
271.699999999 452.895 -62.703 -6.56 0.012 -0.011 0.692 -0.721
272.0 452.985 -64.582 -6.552 0.011 -0.012 0.689 -0.724
272.199999999 453.065 -65.925 -6.559 0.01 -0.012 0.687 -0.726
272.400000000 453.159 -67.327 -6.552 0.012 -0.01 0.685 -0.728
272.699999999 453.321 -69.538 -6.543 0.016 -0.008 0.683 -0.73
272.900000000 453.444 -71.107 -6.536 0.013 -0.014 0.682 -0.732
273.199999999 453.643 -73.549 -6.532 0.012 -0.015 0.68 -0.733
273.699999999 453.999 -77.855 -6.531 0.018 -0.009 0.679 -0.734
273.900000000 454.148 -79.666 -6.511 0.02 -0.012 0.68 -0.733
274.100000000 454.294 -81.522 -6.496 0.016 -0.017 0.682 -0.731
274.300000000 454.42 -83.393 -6.488 0.014 -0.016 0.684 -0.729
274.600000000 454.603 -86.234 -6.48 0.014 -0.015 0.685 -0.728
274.800000000 454.744 -88.162 -6.469 0.015 -0.017 0.685 -0.728
275.100000000 454.955 -91.071 -6.461 0.018 -0.019 0.684 -0.729
275.300000000 455.091 -93.031 -6.452 0.019 -0.017 0.684 -0.729
275.600000000 455.288 -95.959 -6.422 0.015 -0.019 0.684 -0.729
275.800000000 455.425 -97.922 -6.424 0.013 -0.022 0.684 -0.729
276.0 455.555 -99.867 -6.431 0.014 -0.02 0.685 -0.728
276.300000000 455.729 -102.792 -6.426 0.012 -0.017 0.687 -0.726
276.600000000 455.904 -105.689 -6.422 0.012 -0.015 0.687 -0.727
276.800000000 456.045 -107.595 -6.399 0.02 -0.014 0.686 -0.727
277.100000000 456.233 -110.462 -6.364 0.016 -0.019 0.686 -0.728
277.300000000 456.352 -112.351 -6.357 0.011 -0.02 0.685 -0.728
277.600000000 456.536 -115.129 -6.339 0.016 -0.016 0.685 -0.729
277.800000000 456.671 -116.97 -6.318 0.019 -0.014 0.684 -0.729
278.100000000 456.884 -119.704 -6.288 0.018 -0.019 0.681 -0.732
278.300000000 457.043 -121.508 -6.28 0.014 -0.022 0.676 -0.736
278.900000000 457.718 -126.792 -6.295 0.016 -0.022 0.654 -0.756
279.100000000 458.014 -128.551 -6.306 0.013 -0.026 0.646 -0.763
279.400000000 458.512 -131.134 -6.33 0.018 -0.023 0.637 -0.771
279.600000000 458.871 -132.856 -6.346 0.014 -0.026 0.631 -0.775
279.800000000 459.255 -134.547 -6.357 0.011 -0.028 0.624 -0.781
280.0 459.669 -136.219 -6.395 0.016 -0.023 0.616 -0.787
280.300000000 460.345 -138.713 -6.425 0.005 -0.027 0.603 -0.797
280.500000000 460.827 -140.339 -6.464 0.006 -0.02 0.594 -0.804
280.699999999 461.345 -141.945 -6.483 0.007 -0.015 0.586 -0.81
281.0 462.192 -144.332 -6.514 0.003 -0.02 0.576 -0.817
281.199999999 462.78 -145.897 -6.554 0.001 -0.024 0.571 -0.821
281.500000000 463.696 -148.206 -6.596 0.006 -0.019 0.561 -0.828
281.699999999 464.346 -149.752 -6.639 0.003 -0.022 0.555 -0.832
281.900000000 465.0 -151.26 -6.661 0.005 -0.018 0.548 -0.836
282.199999999 466.028 -153.482 -6.694 0.007 -0.017 0.537 -0.843
282.400000000 466.757 -154.946 -6.712 0.008 -0.019 0.529 -0.848
282.600000000 467.501 -156.383 -6.735 0.009 -0.02 0.521 -0.853
282.900000000 468.662 -158.488 -6.767 0.01 -0.02 0.509 -0.861
283.100000000 469.449 -159.847 -6.781 0.013 -0.016 0.501 -0.865
283.300000000 470.267 -161.199 -6.805 0.009 -0.022 0.493 -0.87
283.800000000 472.31 -164.373 -6.894 0.006 -0.024 0.472 -0.881
284.100000000 473.518 -166.082 -6.939 0.007 -0.025 0.462 -0.886
284.300000000 474.288 -167.143 -6.967 0.009 -0.027 0.459 -0.888
284.500000000 475.007 -168.123 -6.987 0.011 -0.026 0.459 -0.888
284.800000000 475.972 -169.467 -7.019 0.015 -0.025 0.465 -0.885
285.0 476.542 -170.303 -7.05 0.013 -0.031 0.476 -0.879
285.199999999 477.016 -171.07 -7.065 0.008 -0.034 0.488 -0.872
285.500000000 477.572 -172.12 -7.082 0.005 -0.027 0.511 -0.859
285.800000000 478.067 -173.148 -7.118 0.013 -0.024 0.542 -0.84
286.100000000 478.405 -174.222 -7.146 0.011 -0.024 0.586 -0.81
286.400000000 478.608 -175.295 -7.134 0.009 -0.022 0.633 -0.774
286.699999999 478.692 -176.388 -7.148 0.017 -0.021 0.684 -0.729
287.0 478.576 -177.537 -7.145 0.019 -0.018 0.737 -0.675
287.300000000 478.302 -178.752 -7.141 0.019 -0.025 0.789 -0.614
287.600000000 477.783 -179.976 -7.118 0.019 -0.028 0.839 -0.543
287.900000000 476.963 -181.276 -7.11 0.023 -0.03 0.884 -0.467
288.199999999 475.809 -182.621 -7.079 0.022 -0.027 0.914 -0.405
288.500000000 474.365 -184.024 -7.039 0.022 -0.025 0.929 -0.369
288.800000000 472.709 -185.498 -6.992 0.023 -0.024 0.937 -0.347
289.100000000 470.848 -187.051 -6.94 0.02 -0.023 0.942 -0.335
289.699999999 466.64 -190.451 -6.815 0.019 -0.023 0.944 -0.328
290.0 464.292 -192.311 -6.744 0.018 -0.022 0.945 -0.326
290.300000000 461.913 -194.194 -6.662 0.019 -0.019 0.945 -0.327
290.600000000 459.523 -196.091 -6.565 0.017 -0.018 0.944 -0.329
290.900000000 457.147 -198.004 -6.471 0.016 -0.018 0.943 -0.332
291.199999999 454.795 -199.921 -6.385 0.016 -0.017 0.942 -0.334
291.600000000 451.685 -202.498 -6.267 0.015 -0.018 0.942 -0.336
291.800000000 450.155 -203.78 -6.21 0.015 -0.019 0.942 -0.336
292.100000000 447.855 -205.693 -6.128 0.016 -0.02 0.942 -0.335
292.400000000 445.55 -207.591 -6.045 0.015 -0.019 0.942 -0.334
292.699999999 443.274 -209.463 -5.961 0.016 -0.019 0.942 -0.334
292.900000000 441.768 -210.712 -5.914 0.012 -0.021 0.942 -0.334
293.199999999 439.539 -212.582 -5.854 0.013 -0.022 0.941 -0.337
293.500000000 437.27 -214.495 -5.803 0.014 -0.022 0.94 -0.34
293.699999999 435.723 -215.802 -5.76 0.016 -0.019 0.939 -0.342
294.0 433.375 -217.814 -5.695 0.017 -0.022 0.939 -0.342
294.400000000 430.154 -220.561 -5.607 0.016 -0.026 0.94 -0.34
294.699999999 427.701 -222.62 -5.542 0.013 -0.023 0.94 -0.34
295.0 425.27 -224.671 -5.476 0.014 -0.022 0.94 -0.341
295.300000000 422.875 -226.728 -5.405 0.014 -0.023 0.939 -0.344
295.900000000 418.194 -230.786 -5.246 0.016 -0.026 0.938 -0.346
296.199999999 415.92 -232.761 -5.17 0.014 -0.027 0.938 -0.346
296.400000000 414.468 -234.022 -5.127 0.012 -0.028 0.939 -0.344
296.699999999 412.405 -235.755 -5.072 0.013 -0.028 0.94 -0.339
296.900000000 411.107 -236.822 -5.032 0.013 -0.027 0.943 -0.333
297.100000000 409.875 -237.778 -4.995 0.013 -0.026 0.946 -0.322
297.400000000 408.171 -239.016 -4.932 0.016 -0.026 0.955 -0.294
297.600000000 407.099 -239.697 -4.887 0.017 -0.025 0.964 -0.263
297.900000000 405.493 -240.455 -4.812 0.019 -0.022 0.98 -0.195
298.300000000 403.174 -240.944 -4.713 0.015 -0.019 0.997 -0.069
298.600000000 401.504 -240.886 -4.638 0.016 -0.015 0.999 0.043
299.0 399.415 -240.21 -4.54 0.015 -0.007 0.982 0.187
299.300000000 397.961 -239.326 -4.476 0.012 -0.001 0.959 0.282
299.699999999 396.202 -237.777 -4.413 0.008 0.0 0.926 0.377
300.0 394.989 -236.408 -4.372 0.003 -0.002 0.903 0.429
300.400000000 393.513 -234.21 -4.342 0.001 -0.007 0.87 0.493
300.699999999 392.55 -232.323 -4.315 0.004 -0.005 0.846 0.533
301.100000000 391.469 -229.488 -4.263 0.011 0.003 0.817 0.577
301.400000000 390.776 -227.137 -4.234 0.012 0.012 0.799 0.602
301.699999999 390.125 -224.613 -4.216 0.012 0.008 0.783 0.622
302.300000000 389.142 -219.033 -4.165 0.02 0.01 0.757 0.652
302.699999999 388.582 -214.958 -4.081 0.021 0.014 0.751 0.66
303.0 388.174 -211.765 -4.034 0.02 0.013 0.748 0.663
303.199999999 387.905 -209.605 -3.992 0.019 0.011 0.746 0.666
303.500000000 387.535 -206.327 -3.925 0.017 0.01 0.743 0.669
303.900000000 387.074 -201.9 -3.847 0.014 0.009 0.74 0.673
304.199999999 386.747 -198.514 -3.797 0.012 0.009 0.737 0.675
304.500000000 386.444 -195.125 -3.747 0.01 0.008 0.735 0.678
304.800000000 386.185 -191.762 -3.694 0.01 0.008 0.732 0.681
305.100000000 385.919 -188.403 -3.649 0.007 0.009 0.73 0.683
305.400000000 385.694 -185.085 -3.62 0.006 0.011 0.729 0.684
305.699999999 385.477 -181.79 -3.601 0.007 0.011 0.728 0.686
306.100000000 385.204 -177.424 -3.571 0.007 0.014 0.727 0.686
306.300000000 385.064 -175.265 -3.562 0.006 0.014 0.727 0.686
306.600000000 384.863 -172.078 -3.548 0.006 0.013 0.727 0.686
306.900000000 384.67 -168.921 -3.537 0.007 0.014 0.727 0.687
307.300000000 384.424 -164.789 -3.518 0.008 0.012 0.725 0.689
307.600000000 384.27 -161.761 -3.487 0.009 0.012 0.722 0.691
308.0 384.116 -157.916 -3.448 0.009 0.015 0.718 0.696
308.400000000 384.033 -154.359 -3.413 0.011 0.017 0.714 0.7
309.100000000 383.846 -148.882 -3.363 0.017 0.024 0.729 0.684
309.500000000 383.562 -146.214 -3.337 0.017 0.027 0.752 0.658
309.800000000 383.188 -144.518 -3.31 0.019 0.029 0.788 0.614
310.300000000 382.045 -142.228 -3.256 0.02 0.027 0.873 0.487
310.700000000 380.677 -140.884 -3.197 0.019 0.022 0.935 0.354
311.200000000 378.479 -139.845 -3.12 0.008 0.013 0.982 0.188
311.700000000 375.935 -139.389 -3.063 0.014 -0.002 0.997 0.074
312.100000000 373.632 -139.229 -2.983 0.009 -0.002 1.0 0.029
312.500000000 371.154 -139.202 -2.92 0.013 -0.004 1.0 0.007
313.0 367.648 -139.207 -2.817 0.015 -0.001 1.0 -0.004
313.500000000 363.76 -139.333 -2.684 0.016 0.001 1.0 -0.018
313.900000000 360.294 -139.495 -2.565 0.015 0.005 1.0 -0.024
314.400000000 355.54 -139.804 -2.44 0.009 -0.002 1.0 -0.029
314.800000000 351.5 -140.063 -2.333 0.013 -0.002 0.999 -0.029
315.300000000 346.274 -140.396 -2.171 0.012 -0.003 0.999 -0.029
315.800000000 340.961 -140.746 -1.975 0.013 -0.001 0.999 -0.033
316.200000000 336.698 -141.05 -1.817 0.014 -0.002 0.999 -0.032
316.600000000 332.426 -141.325 -1.688 0.01 0.0 0.999 -0.031
317.100000000 327.123 -141.689 -1.536 0.009 -0.006 1.0 -0.028
317.500000000 322.829 -141.945 -1.421 0.007 -0.001 1.0 -0.028
318.400000000 312.927 -142.516 -1.19 0.01 0.005 1.0 -0.028
318.800000000 308.34 -142.793 -1.103 0.003 0.006 1.0 -0.027
319.200000000 303.685 -143.055 -1.017 0.006 0.007 1.0 -0.026
319.700000000 297.82 -143.407 -0.867 0.007 0.006 1.0 -0.028
320.100000000 293.145 -143.715 -0.737 0.014 0.003 0.999 -0.031
320.600000000 287.348 -144.109 -0.57 0.004 0.004 0.999 -0.032
321.100000000 281.563 -144.499 -0.447 0.01 0.003 0.999 -0.03
321.500000000 276.973 -144.813 -0.341 0.001 -0.003 1.0 -0.029
322.0 271.34 -145.131 -0.242 0.012 0.003 1.0 -0.027
322.400000000 266.856 -145.4 -0.162 -0.005 0.006 1.0 -0.028
322.900000000 261.391 -145.747 -0.133 0.003 0.004 1.0 -0.027
323.300000000 257.053 -145.981 -0.044 -0.001 0.005 1.0 -0.024
323.800000000 251.871 -146.289 -0.01 0.002 -0.001 1.0 -0.026
324.200000000 248.003 -146.497 0.061 -0.0 0.006 1.0 -0.029
324.700000000 243.537 -146.82 0.129 0.005 0.005 0.999 -0.033
325.100000000 240.26 -147.089 0.194 -0.003 -0.001 0.999 -0.036
325.600000000 236.72 -147.396 0.225 -0.003 -0.001 0.999 -0.042
326.100000000 233.762 -147.71 0.22 -0.008 -0.009 0.999 -0.038
326.600000000 231.282 -147.862 0.208 -0.006 -0.011 1.0 -0.001
327.100000000 229.119 -147.626 0.216 -0.005 -0.003 0.996 0.085
328.100000000 225.362 -145.684 0.188 -0.008 0.013 0.947 0.321
328.600000000 223.809 -143.855 0.136 -0.004 0.007 0.892 0.453
329.200000000 222.495 -140.943 0.094 -0.007 0.009 0.814 0.58
329.700000000 221.892 -138.036 0.041 0.0 0.008 0.765 0.644
330.300000000 221.488 -133.877 -0.009 0.002 0.016 0.736 0.676
330.900000000 221.262 -128.972 -0.044 0.015 0.015 0.724 0.69
331.400000000 221.048 -124.285 -0.098 0.005 0.02 0.722 0.692
332.0 220.838 -118.389 -0.144 0.009 0.022 0.723 0.691
332.700000000 220.481 -111.438 -0.215 0.01 0.027 0.728 0.685
333.400000000 220.137 -104.618 -0.27 0.018 0.025 0.728 0.685
334.100000000 219.818 -97.911 -0.294 0.02 0.032 0.725 0.687
334.800000000 219.428 -91.408 -0.345 0.017 0.037 0.728 0.684
335.400000000 219.139 -86.423 -0.389 0.016 0.036 0.731 0.682
336.100000000 218.855 -81.801 -0.443 0.011 0.037 0.724 0.689
336.700000000 218.798 -78.897 -0.495 0.01 0.033 0.705 0.708
337.400000000 219.115 -75.842 -0.579 0.006 0.027 0.632 0.775
338.0 220.063 -73.389 -0.647 0.0 0.017 0.521 0.853
338.700000000 222.182 -70.821 -0.741 -0.007 0.016 0.359 0.933
339.400000000 225.308 -69.153 -0.827 0.002 0.014 0.202 0.979
340.0 228.272 -68.37 -0.865 0.006 0.008 0.099 0.995
341.100000000 234.1 -67.979 -0.92 0.021 0.015 0.04 0.999
341.700000000 237.248 -67.472 -0.962 0.024 0.017 0.101 0.994
342.300000000 240.005 -66.308 -0.964 0.006 0.005 0.234 0.972
342.900000000 242.115 -64.346 -0.979 -0.016 0.015 0.409 0.912
343.600000000 243.499 -61.377 -1.083 -0.008 0.015 0.603 0.797
344.400000000 243.749 -57.306 -1.165 -0.009 0.003 0.712 0.702
345.0 243.545 -53.581 -1.179 -0.007 0.002 0.724 0.69
345.700000000 243.267 -48.349 -1.196 -0.003 0.004 0.722 0.692
346.300000000 243.034 -43.272 -1.217 -0.002 0.011 0.724 0.69
346.900000000 242.706 -37.663 -1.294 -0.003 0.014 0.729 0.685
347.600000000 242.209 -30.276 -1.418 -0.003 0.011 0.728 0.685
348.200000000 241.81 -23.739 -1.487 -0.0 0.019 0.727 0.686
348.800000000 241.358 -17.275 -1.608 -0.003 0.019 0.731 0.682
349.300000000 240.931 -12.096 -1.705 -0.01 0.015 0.733 0.68
349.900000000 240.39 -6.339 -1.819 -0.018 0.006 0.734 0.679
350.600000000 239.899 -0.619 -1.936 -0.02 0.006 0.734 0.679
351.100000000 239.617 2.651 -2.008 -0.023 0.008 0.731 0.682
351.700000000 239.461 5.507 -2.075 -0.021 0.008 0.716 0.698
352.300000000 239.489 7.344 -2.106 -0.014 0.006 0.697 0.717
352.800000000 239.59 8.476 -2.127 -0.009 0.003 0.671 0.742
353.900000000 240.333 11.109 -2.166 -0.006 0.012 0.551 0.834
354.500000000 241.654 12.914 -2.227 -0.011 0.017 0.414 0.91
355.100000000 244.032 14.429 -2.324 -0.01 0.015 0.23 0.973
355.800000000 248.129 15.34 -2.444 -0.009 0.012 0.056 0.998
356.400000000 252.63 15.571 -2.562 -0.002 0.012 0.021 1.0
357.100000000 258.783 15.849 -2.734 -0.0 0.011 0.024 1.0
357.700000000 264.928 16.161 -2.895 0.0 0.015 0.027 1.0
358.300000000 271.755 16.559 -3.066 -0.001 0.02 0.029 0.999
358.900000000 278.937 17.013 -3.262 0.002 0.017 0.03 0.999
359.500000000 286.311 17.519 -3.424 0.002 0.016 0.032 0.999
360.200000000 294.982 18.088 -3.633 0.001 0.014 0.028 1.0
360.800000000 302.57 18.562 -3.853 -0.005 0.019 0.027 0.999
361.300000000 308.846 18.951 -4.015 -0.009 0.019 0.028 0.999
361.900000000 316.408 19.423 -4.245 -0.009 0.021 0.03 0.999
362.500000000 324.049 19.918 -4.472 -0.01 0.023 0.029 0.999
363.100000000 331.555 20.359 -4.719 -0.004 0.023 0.029 0.999
363.700000000 338.912 20.808 -4.975 0.005 0.024 0.031 0.999
364.200000000 344.681 21.191 -5.179 0.008 0.026 0.033 0.999
364.800000000 351.047 21.624 -5.399 0.004 0.024 0.028 0.999
365.300000000 355.863 21.875 -5.558 0.008 0.027 0.022 0.999
366.400000000 364.374 22.234 -5.854 0.003 0.023 0.021 1.0
366.900000000 367.158 22.473 -5.93 -0.001 0.024 0.052 0.998
367.500000000 370.055 23.294 -6.045 0.003 0.033 0.193 0.981
368.0 371.961 24.782 -6.183 0.002 0.043 0.363 0.931
368.700000000 373.479 27.836 -6.373 0.017 0.043 0.606 0.794
369.400000000 373.341 31.715 -6.465 0.014 0.034 0.749 0.661
370.0 372.615 35.493 -6.559 0.012 0.028 0.765 0.643
370.600000000 371.858 39.9 -6.63 0.013 0.027 0.76 0.649
371.100000000 371.28 44.079 -6.708 0.002 0.023 0.746 0.665
371.600000000 370.839 48.754 -6.847 0.0 0.028 0.735 0.678
372.200000000 370.356 54.832 -7.057 0.0 0.025 0.732 0.681
372.700000000 369.97 60.17 -7.213 -0.003 0.026 0.729 0.684
373.200000000 369.607 65.61 -7.37 -0.006 0.027 0.728 0.685
373.700000000 369.24 71.064 -7.555 -0.005 0.025 0.73 0.683
374.300000000 368.766 77.531 -7.767 -0.009 0.023 0.73 0.683
374.900000000 368.36 83.896 -7.976 -0.01 0.021 0.723 0.69
375.400000000 368.141 88.958 -8.149 -0.011 0.024 0.717 0.697
375.900000000 368.026 93.61 -8.288 -0.005 0.026 0.714 0.7
376.400000000 367.908 97.994 -8.42 0.0 0.033 0.721 0.692
376.900000000 367.536 102.288 -8.542 0.005 0.025 0.742 0.67
377.900000000 366.388 111.383 -8.762 -0.014 0.026 0.744 0.668
378.400000000 365.881 116.456 -8.997 -0.014 0.024 0.734 0.679
378.900000000 365.459 121.911 -9.225 -0.014 0.014 0.726 0.687
379.500000000 365.188 128.826 -9.427 -0.011 0.021 0.717 0.697
380.0 365.049 134.729 -9.641 -0.01 0.025 0.713 0.7
380.500000000 364.919 140.576 -9.828 0.001 0.032 0.721 0.692
380.900000000 364.619 145.236 -9.976 -0.003 0.023 0.727 0.686
381.400000000 364.246 150.99 -10.179 -0.006 0.03 0.73 0.683
381.800000000 363.936 155.524 -10.338 -0.003 0.034 0.731 0.682
382.300000000 363.465 161.158 -10.585 -0.005 0.031 0.735 0.677
382.800000000 362.977 166.68 -10.804 -0.006 0.037 0.737 0.675
383.200000000 362.571 171.024 -10.997 -0.006 0.036 0.737 0.675
383.600000000 362.174 175.308 -11.171 -0.0 0.036 0.737 0.675
384.100000000 361.647 180.624 -11.379 -0.007 0.026 0.734 0.678
384.400000000 361.397 183.824 -11.505 -0.006 0.028 0.73 0.683
384.800000000 361.177 188.147 -11.666 -0.001 0.032 0.724 0.689
385.200000000 360.975 192.528 -11.852 -0.002 0.037 0.722 0.691
385.600000000 360.749 196.961 -12.066 -0.01 0.029 0.717 0.697
386.0 360.641 201.479 -12.286 -0.013 0.03 0.711 0.703
386.400000000 360.582 206.018 -12.53 -0.013 0.032 0.708 0.705
387.200000000 360.556 215.048 -13.008 -0.011 0.032 0.702 0.711
387.600000000 360.633 219.455 -13.247 -0.016 0.034 0.695 0.718
387.900000000 360.758 222.633 -13.412 -0.015 0.033 0.688 0.725
388.300000000 361.0 226.643 -13.621 -0.013 0.035 0.683 0.73
388.700000000 361.258 230.4 -13.827 -0.008 0.034 0.679 0.733
389.0 361.446 233.036 -13.989 -0.017 0.039 0.674 0.737
389.300000000 361.683 235.449 -14.13 -0.019 0.036 0.664 0.746
389.600000000 362.001 237.607 -14.25 -0.013 0.031 0.648 0.761
389.900000000 362.418 239.572 -14.358 -0.009 0.04 0.629 0.776
390.200000000 362.862 241.332 -14.457 -0.003 0.047 0.617 0.785
390.500000000 363.275 242.936 -14.563 0.001 0.049 0.615 0.787
390.900000000 363.712 244.866 -14.678 -0.0 0.051 0.624 0.78
391.200000000 363.958 246.158 -14.76 0.003 0.05 0.638 0.768
391.500000000 364.095 247.392 -14.824 0.002 0.048 0.661 0.748
391.800000000 364.144 248.608 -14.888 0.0 0.047 0.684 0.728
392.100000000 364.127 249.787 -14.945 -0.002 0.044 0.704 0.709
392.500000000 364.053 251.428 -15.031 -0.006 0.037 0.713 0.7
392.800000000 364.017 252.719 -15.092 -0.009 0.036 0.71 0.703
393.100000000 364.003 254.017 -15.162 -0.013 0.031 0.703 0.71
393.500000000 364.081 255.747 -15.255 -0.018 0.031 0.687 0.725
394.200000000 364.424 258.614 -15.429 -0.019 0.029 0.66 0.751
394.600000000 364.649 259.932 -15.499 -0.012 0.031 0.654 0.756
394.900000000 364.762 260.893 -15.548 -0.012 0.031 0.664 0.747
395.300000000 364.811 262.149 -15.611 -0.008 0.029 0.698 0.715
395.700000000 364.653 263.55 -15.684 -0.01 0.029 0.749 0.662
396.100000000 364.266 265.07 -15.747 -0.007 0.03 0.807 0.59
396.500000000 363.448 266.672 -15.812 0.003 0.03 0.867 0.498
396.900000000 362.129 268.246 -15.847 0.005 0.034 0.921 0.388
397.300000000 360.252 269.62 -15.858 0.007 0.038 0.961 0.275
397.700000000 357.883 270.759 -15.858 0.006 0.037 0.981 0.189
398.100000000 355.047 271.647 -15.833 0.014 0.041 0.991 0.126
398.500000000 351.828 272.302 -15.771 0.012 0.047 0.996 0.077
398.800000000 349.131 272.61 -15.711 0.016 0.04 0.997 0.059
399.200000000 345.229 273.026 -15.608 0.014 0.041 0.997 0.057
399.600000000 341.044 273.476 -15.502 0.012 0.039 0.998 0.055
400.0 336.654 273.902 -15.403 0.012 0.038 0.998 0.052
400.300000000 333.219 274.228 -15.318 0.01 0.039 0.998 0.048
400.700000000 328.479 274.628 -15.252 0.005 0.043 0.998 0.042
401.0 324.921 274.886 -15.14 0.018 0.037 0.998 0.038
401.400000000 320.17 275.177 -15.004 0.006 0.036 0.999 0.029
402.200000000 310.829 275.492 -14.795 0.005 0.04 0.999 0.007
402.500000000 307.354 275.502 -14.713 0.006 0.04 0.999 -0.001
402.900000000 302.767 275.455 -14.599 0.006 0.045 0.999 -0.011
403.200000000 299.349 275.359 -14.518 0.005 0.048 0.999 -0.017
403.500000000 295.924 275.203 -14.438 0.007 0.047 0.999 -0.022
403.900000000 291.397 274.964 -14.316 0.008 0.049 0.998 -0.028
404.200000000 287.948 274.745 -14.216 0.008 0.047 0.998 -0.033
404.600000000 283.342 274.421 -14.086 0.008 0.047 0.998 -0.039
405.0 278.689 274.005 -13.959 0.006 0.046 0.998 -0.046
405.400000000 273.958 273.505 -13.829 0.008 0.042 0.998 -0.053
405.900000000 268.031 272.783 -13.658 0.008 0.039 0.997 -0.063
406.300000000 263.219 272.092 -13.53 0.004 0.038 0.997 -0.073
406.600000000 259.593 271.507 -13.436 0.007 0.036 0.996 -0.082
407.0 254.722 270.61 -13.305 0.004 0.035 0.995 -0.092
407.400000000 249.798 269.626 -13.177 0.005 0.038 0.994 -0.102
407.900000000 243.685 268.245 -13.008 0.002 0.041 0.992 -0.116
408.300000000 238.871 267.056 -12.862 0.007 0.043 0.991 -0.123
408.600000000 235.251 266.122 -12.752 0.003 0.044 0.991 -0.128
409.0 230.457 264.815 -12.612 0.005 0.044 0.99 -0.136
409.400000000 225.665 263.412 -12.449 0.002 0.046 0.988 -0.146
410.300000000 215.061 259.97 -12.094 0.003 0.044 0.986 -0.16
410.800000000 209.284 257.996 -11.905 0.001 0.044 0.985 -0.166
411.100000000 205.811 256.748 -11.793 0.004 0.045 0.984 -0.171
411.400000000 202.37 255.485 -11.674 0.002 0.045 0.983 -0.177
411.700000000 198.964 254.18 -11.565 0.002 0.041 0.982 -0.183
412.0 195.577 252.811 -11.449 0.005 0.036 0.981 -0.188
412.400000000 191.084 250.951 -11.306 0.0 0.035 0.979 -0.199
412.700000000 187.771 249.49 -11.206 0.001 0.035 0.978 -0.206
413.0 184.5 248.0 -11.098 0.002 0.033 0.977 -0.212
413.300000000 181.268 246.496 -10.999 -0.001 0.034 0.975 -0.218
413.700000000 176.977 244.431 -10.889 -0.003 0.038 0.973 -0.225
414.100000000 172.756 242.287 -10.772 -0.002 0.038 0.972 -0.233
414.400000000 169.544 240.608 -10.679 0.0 0.036 0.97 -0.238
414.700000000 166.315 238.885 -10.573 0.003 0.039 0.969 -0.245
415.0 163.107 237.131 -10.451 0.001 0.043 0.967 -0.252
415.300000000 159.874 235.276 -10.326 0.001 0.042 0.965 -0.258
415.600000000 156.681 233.376 -10.202 0.001 0.039 0.964 -0.264
415.900000000 153.527 231.445 -10.08 0.001 0.036 0.962 -0.27
416.200000000 150.396 229.496 -9.963 -0.001 0.035 0.96 -0.276
416.500000000 147.31 227.506 -9.858 0.0 0.03 0.959 -0.282
417.200000000 140.282 222.812 -9.574 0.001 0.031 0.955 -0.294
417.500000000 137.314 220.741 -9.465 0.001 0.03 0.953 -0.302
417.800000000 134.363 218.634 -9.36 -0.002 0.033 0.951 -0.309
418.100000000 131.447 216.468 -9.272 -0.004 0.033 0.948 -0.316
418.400000000 128.58 214.265 -9.182 -0.002 0.034 0.946 -0.323
418.800000000 124.75 211.247 -9.042 -0.002 0.035 0.943 -0.33
419.100000000 121.865 208.918 -8.945 -0.004 0.038 0.941 -0.336
419.400000000 119.001 206.515 -8.828 0.0 0.037 0.939 -0.342
419.700000000 116.147 204.051 -8.694 0.002 0.034 0.937 -0.348
419.900000000 114.243 202.39 -8.612 -0.001 0.033 0.935 -0.352
420.200000000 111.402 199.828 -8.487 -0.001 0.033 0.933 -0.359
420.500000000 108.583 197.229 -8.371 0.001 0.033 0.93 -0.365
420.700000000 106.705 195.465 -8.284 -0.0 0.034 0.929 -0.369
421.0 103.926 192.783 -8.167 -0.001 0.03 0.927 -0.375
421.300000000 101.166 190.059 -8.046 0.002 0.026 0.925 -0.379
421.600000000 98.382 187.288 -7.918 0.0 0.027 0.924 -0.382
421.900000000 95.607 184.474 -7.806 0.001 0.024 0.923 -0.384
422.200000000 92.819 181.616 -7.681 0.001 0.021 0.923 -0.385
422.500000000 90.048 178.762 -7.592 -0.0 0.015 0.923 -0.385
422.800000000 87.257 175.99 -7.49 -0.003 0.026 0.923 -0.383
423.500000000 80.745 169.511 -7.271 -0.003 0.028 0.925 -0.378
423.800000000 77.962 166.765 -7.158 -0.0 0.029 0.926 -0.377
424.0 76.086 164.942 -7.074 -0.001 0.032 0.925 -0.377
424.300000000 73.284 162.214 -6.959 -0.006 0.037 0.925 -0.379
424.700000000 69.601 158.558 -6.827 -0.007 0.034 0.924 -0.38
424.900000000 67.763 156.717 -6.768 -0.006 0.033 0.924 -0.38
425.200000000 64.98 153.955 -6.668 -0.005 0.033 0.924 -0.38
425.500000000 62.191 151.177 -6.572 -0.006 0.033 0.924 -0.38
425.800000000 59.423 148.422 -6.465 -0.002 0.032 0.925 -0.38
426.0 57.577 146.572 -6.386 -0.004 0.032 0.925 -0.38
426.300000000 54.803 143.821 -6.286 -0.007 0.029 0.925 -0.379
426.600000000 52.058 141.072 -6.211 -0.004 0.023 0.925 -0.379
426.800000000 50.231 139.246 -6.153 -0.001 0.022 0.925 -0.379
427.100000000 47.477 136.503 -6.068 -0.003 0.02 0.925 -0.379
427.400000000 44.722 133.767 -5.99 -0.003 0.022 0.925 -0.379
427.700000000 41.945 131.027 -5.893 -0.002 0.026 0.925 -0.38
428.0 39.162 128.259 -5.822 -0.008 0.023 0.925 -0.38
428.300000000 36.389 125.5 -5.758 -0.006 0.027 0.924 -0.38
428.600000000 33.604 122.738 -5.697 -0.011 0.028 0.924 -0.381
428.900000000 30.835 119.966 -5.641 -0.006 0.032 0.924 -0.382
429.700000000 23.417 112.503 -5.429 -0.006 0.031 0.924 -0.38
430.100000000 19.659 108.77 -5.342 -0.008 0.029 0.924 -0.38
430.400000000 16.835 105.951 -5.279 -0.008 0.029 0.924 -0.381
430.800000000 13.078 102.204 -5.199 -0.009 0.028 0.924 -0.381
431.200000000 9.375 98.466 -5.119 -0.009 0.023 0.924 -0.381
431.500000000 6.595 95.671 -5.075 -0.01 0.02 0.924 -0.382
431.900000000 2.928 92.02 -5.033 -0.011 0.022 0.924 -0.38
432.300000000 -0.723 88.443 -4.982 -0.013 0.027 0.925 -0.378
432.600000000 -3.451 85.775 -4.963 -0.014 0.028 0.926 -0.376
433.0 -7.06 82.282 -4.907 -0.013 0.032 0.927 -0.374
433.400000000 -10.639 78.808 -4.851 -0.016 0.031 0.927 -0.374
433.800000000 -14.083 75.47 -4.813 -0.015 0.028 0.927 -0.374
434.100000000 -16.553 73.036 -4.787 -0.015 0.024 0.926 -0.376
434.500000000 -19.692 69.933 -4.749 -0.012 0.026 0.925 -0.379
434.900000000 -22.67 66.99 -4.7 -0.015 0.03 0.924 -0.382
435.300000000 -25.349 64.225 -4.652 -0.016 0.027 0.921 -0.389
435.700000000 -27.714 61.672 -4.609 -0.013 0.025 0.915 -0.402
436.0 -29.291 59.822 -4.576 -0.013 0.023 0.905 -0.424
436.300000000 -30.669 57.96 -4.543 -0.011 0.021 0.889 -0.457
436.600000000 -31.831 56.041 -4.503 -0.009 0.017 0.866 -0.5
437.400000000 -33.505 50.72 -4.412 -0.003 0.006 0.759 -0.651
437.700000000 -33.567 48.651 -4.366 -0.001 0.006 0.703 -0.711
438.0 -33.306 46.658 -4.332 0.003 0.006 0.644 -0.765
438.400000000 -32.47 44.157 -4.268 0.007 -0.0 0.565 -0.825
438.700000000 -31.606 42.423 -4.233 0.018 -0.001 0.523 -0.852
439.0 -30.667 40.749 -4.178 0.021 -0.0 0.505 -0.863
439.400000000 -29.427 38.562 -4.1 0.017 0.0 0.503 -0.864
439.800000000 -28.262 36.452 -4.033 0.013 0.001 0.512 -0.859
440.200000000 -27.251 34.463 -3.963 0.009 0.005 0.523 -0.852
440.500000000 -26.584 33.082 -3.918 0.006 0.006 0.531 -0.847
440.900000000 -25.811 31.424 -3.862 0.004 0.005 0.541 -0.841
441.300000000 -25.212 30.034 -3.816 0.001 0.006 0.549 -0.836
441.600000000 -24.867 29.224 -3.792 0.002 0.008 0.553 -0.833
442.0 -24.462 28.27 -3.755 0.002 0.013 0.549 -0.835
442.500000000 -23.917 27.208 -3.709 0.007 0.017 0.523 -0.852
443.0 -23.26 26.211 -3.67 0.009 0.02 0.474 -0.88
443.500000000 -22.228 25.045 -3.604 0.008 0.012 0.41 -0.912
444.0 -20.804 23.842 -3.549 0.006 0.008 0.333 -0.943
444.500000000 -18.864 22.696 -3.513 0.004 0.006 0.244 -0.97
445.0 -16.259 21.703 -3.462 -0.01 0.005 0.147 -0.989
445.900000000 -10.037 20.889 -3.4 -0.009 0.004 0.029 -1.0
446.400000000 -5.883 20.734 -3.36 -0.006 0.004 0.021 -1.0
446.900000000 -1.302 20.584 -3.302 -0.0 0.006 0.019 -1.0
447.300000000 2.578 20.461 -3.24 -0.003 0.005 0.013 -1.0
447.800000000 7.697 20.405 -3.204 -0.005 -0.001 0.004 -1.0
448.300000000 13.055 20.418 -3.167 -0.005 -0.001 -0.0 -1.0
448.700000000 17.402 20.44 -3.127 -0.007 0.002 -0.002 -1.0
449.200000000 22.975 20.488 -3.088 -0.001 -0.004 0.001 -1.0
449.600000000 27.474 20.49 -3.073 0.003 -0.001 0.005 -1.0
450.0 31.999 20.45 -3.046 0.005 0.002 0.008 -1.0
450.600000000 38.939 20.325 -2.99 -0.004 -0.003 0.009 -1.0
451.100000000 44.825 20.244 -2.99 -0.0 0.002 0.01 -1.0
451.600000000 50.802 20.148 -2.937 0.001 -0.003 0.01 -1.0
452.0 55.558 20.089 -2.925 0.004 -0.0 0.01 -1.0
452.500000000 61.432 19.982 -2.841 -0.003 0.001 0.01 -1.0
453.0 67.247 19.891 -2.816 0.003 -0.007 0.012 -1.0
453.500000000 72.95 19.771 -2.796 0.002 -0.007 0.014 -1.0
