0.200000000 0.0 0.0 0.0 0.0 0.0 0.0 1.0
0.300000000 0.682 0.01 0.003 -0.0 -0.0 0.002 1.0
0.400000000 1.412 0.023 0.002 -0.001 -0.001 0.004 1.0
0.600000000 2.909 0.053 0.013 -0.001 -0.001 0.009 1.0
0.800000000 4.482 0.105 0.018 -0.003 -0.001 0.013 1.0
1.0 6.097 0.16 0.026 -0.003 0.002 0.018 1.0
1.300000000 8.569 0.269 0.034 -0.002 0.001 0.021 1.0
1.500000000 10.27 0.351 0.036 -0.001 0.002 0.023 1.0
1.800000000 12.887 0.494 0.048 -0.004 -0.001 0.025 1.0
2.0 14.671 0.595 0.061 -0.004 -0.0 0.026 1.0
2.200000000 16.483 0.703 0.076 -0.004 0.0 0.027 1.0
2.400000000 18.305 0.814 0.089 -0.004 -0.0 0.029 1.0
2.700000000 21.09 0.985 0.093 -0.004 0.004 0.029 1.0
2.900000000 22.982 1.096 0.085 -0.004 0.006 0.027 1.0
3.100000000 24.888 1.208 0.084 -0.005 0.003 0.026 1.0
3.300000000 26.81 1.305 0.09 -0.004 0.002 0.025 1.0
3.500000000 28.758 1.403 0.082 -0.001 0.006 0.025 1.0
3.700000000 30.73 1.497 0.086 0.004 0.004 0.026 1.0
3.900000000 32.696 1.618 0.085 0.003 0.002 0.028 1.0
4.100000000 34.699 1.742 0.083 0.003 0.004 0.029 1.0
4.299999999 36.711 1.872 0.083 0.002 0.006 0.03 1.0
4.500000000 38.726 2.009 0.07 -0.001 0.008 0.03 1.0
4.700000000 40.711 2.135 0.067 -0.001 0.008 0.03 1.0
4.900000000 42.694 2.273 0.058 -0.002 0.007 0.031 1.0
5.100000000 44.685 2.401 0.046 -0.001 0.008 0.032 0.999
5.300000000 46.636 2.546 0.049 -0.003 0.004 0.032 0.999
5.500000000 48.582 2.679 0.046 -0.003 0.005 0.033 0.999
5.800000000 51.487 2.871 0.044 0.0 0.007 0.033 0.999
6.0 53.411 2.998 0.041 0.002 0.007 0.034 0.999
6.200000000 55.319 3.126 0.029 0.005 0.011 0.034 0.999
6.400000000 57.218 3.269 0.005 0.004 0.011 0.035 0.999
6.600000000 59.07 3.418 0.009 0.001 0.005 0.036 0.999
6.800000000 60.877 3.572 -0.001 -0.002 0.006 0.037 0.999
7.0 62.644 3.719 0.002 -0.004 0.007 0.038 0.999
7.200000000 64.345 3.866 -0.0 -0.005 0.008 0.04 0.999
7.400000000 65.975 4.006 -0.001 -0.005 0.008 0.041 0.999
7.600000000 67.569 4.154 -0.018 -0.007 0.012 0.043 0.999
7.800000000 69.1 4.306 -0.022 -0.009 0.011 0.044 0.999
8.0 70.551 4.448 -0.02 -0.01 0.004 0.045 0.999
8.200000000 71.94 4.587 -0.026 -0.011 0.005 0.046 0.999
8.400000000 73.22 4.715 -0.017 -0.01 0.005 0.047 0.999
8.700000000 75.021 4.874 0.005 -0.006 0.001 0.045 0.999
8.900000000 76.149 4.983 0.004 -0.007 0.003 0.041 0.999
9.99999999 77.219 5.043 0.014 -0.003 0.007 0.034 0.999
9.400000000 78.73 5.126 0.006 -0.01 0.007 0.012 1.0
9.600000000 79.686 5.092 0.008 -0.008 0.008 -0.012 1.0
9.900000000 81.036 4.936 0.003 -0.007 0.011 -0.062 0.998
10.100000000 81.869 4.749 -0.004 -0.008 0.011 -0.106 0.994
10.400000000 83.057 4.297 -0.002 -0.01 0.009 -0.187 0.982
10.700000000 84.057 3.646 -0.004 -0.01 0.007 -0.28 0.96
11.0 84.867 2.868 -0.001 -0.01 0.008 -0.372 0.928
11.300000000 85.497 1.935 0.017 -0.006 0.006 -0.456 0.89
11.600000000 85.999 0.941 0.02 -0.01 0.006 -0.527 0.85
11.900000000 86.303 -0.135 0.037 0.001 0.001 -0.58 0.814
12.200000000 86.607 -1.243 0.045 -0.01 0.003 -0.619 0.785
12.400000000 86.735 -2.041 0.065 -0.008 -0.002 -0.639 0.769
12.700000000 86.888 -3.317 0.075 -0.011 -0.008 -0.661 0.75
13.0 87.024 -4.723 0.118 -0.007 -0.005 -0.677 0.736
13.200000000 87.075 -5.732 0.141 -0.004 -0.007 -0.685 0.728
13.500000000 87.147 -7.373 0.174 -0.003 -0.009 -0.692 0.721
13.700000000 87.181 -8.562 0.195 -0.003 -0.01 -0.696 0.718
14.0 87.221 -10.48 0.231 -0.001 -0.012 -0.699 0.715
14.200000000 87.245 -11.845 0.262 0.002 -0.014 -0.699 0.715
14.500000000 87.304 -14.015 0.302 0.004 -0.015 -0.696 0.718
14.700000000 87.362 -15.546 0.328 0.006 -0.015 -0.693 0.721
14.900000000 87.442 -17.142 0.351 0.006 -0.012 -0.69 0.724
15.200000000 87.606 -19.565 0.398 -0.001 -0.012 -0.686 0.727
15.400000000 87.717 -21.217 0.441 -0.004 -0.011 -0.686 0.727
15.700000000 87.874 -23.686 0.518 -0.004 -0.008 -0.686 0.727
15.900000000 87.989 -25.323 0.567 -0.006 -0.007 -0.686 0.727
16.100000000 88.096 -26.961 0.613 -0.008 -0.005 -0.687 0.726
16.300000000 88.19 -28.59 0.659 -0.008 -0.002 -0.691 0.723
16.600000000 88.279 -31.02 0.722 -0.009 -0.001 -0.698 0.716
16.800000000 88.303 -32.636 0.761 -0.008 -0.0 -0.706 0.709
17.0 88.293 -34.231 0.801 -0.008 -0.0 -0.713 0.701
17.300000000 88.21 -36.582 0.86 -0.008 -0.001 -0.725 0.689
17.500000000 88.115 -38.12 0.897 -0.008 -0.001 -0.732 0.682
17.699999999 87.989 -39.618 0.937 -0.008 -0.002 -0.738 0.675
18.0 87.759 -41.821 0.992 -0.005 -0.003 -0.745 0.667
18.199999999 87.594 -43.234 1.024 -0.002 -0.004 -0.748 0.664
18.500000000 87.358 -45.241 1.07 -0.001 -0.004 -0.748 0.663
18.699999999 87.22 -46.502 1.099 -0.002 -0.005 -0.746 0.666
19.0 87.079 -48.25 1.145 -0.003 -0.005 -0.735 0.678
19.200000000 87.041 -49.328 1.177 -0.005 -0.006 -0.722 0.692
19.500000000 87.113 -50.881 1.223 -0.008 -0.006 -0.692 0.722
19.800000000 87.351 -52.413 1.259 -0.006 -0.001 -0.646 0.764
20.100000000 87.822 -53.853 1.28 -0.007 0.004 -0.583 0.813
20.400000000 88.508 -55.117 1.316 -0.006 -0.003 -0.501 0.865
20.700000000 89.43 -56.172 1.333 -0.01 -0.006 -0.409 0.912
21.0 90.542 -57.026 1.361 -0.007 -0.001 -0.315 0.949
21.300000000 91.803 -57.638 1.37 -0.006 0.008 -0.226 0.974
21.600000000 93.146 -58.065 1.369 -0.012 0.011 -0.162 0.987
21.800000000 94.087 -58.32 1.357 -0.01 0.011 -0.134 0.991
22.100000000 95.562 -58.644 1.333 -0.012 0.011 -0.114 0.993
22.400000000 97.121 -58.948 1.318 -0.019 0.008 -0.109 0.994
22.700000000 98.766 -59.329 1.313 -0.018 0.001 -0.115 0.993
22.900000000 99.937 -59.593 1.308 -0.022 0.003 -0.12 0.993
23.200000000 101.771 -60.057 1.307 -0.018 0.011 -0.126 0.992
23.500000000 103.689 -60.571 1.297 -0.013 0.006 -0.128 0.992
23.700000000 105.02 -60.899 1.288 -0.016 0.001 -0.126 0.992
23.900000000 106.42 -61.253 1.286 -0.013 0.006 -0.124 0.992
24.200000000 108.59 -61.764 1.272 -0.017 0.007 -0.121 0.992
24.500000000 110.854 -62.293 1.263 -0.016 0.004 -0.115 0.993
24.700000000 112.439 -62.663 1.264 -0.014 0.006 -0.112 0.994
25.0 114.841 -63.209 1.248 -0.011 0.008 -0.111 0.994
25.300000000 117.299 -63.724 1.24 -0.02 0.006 -0.112 0.993
25.500000000 118.975 -64.085 1.231 -0.024 0.008 -0.115 0.993
25.800000000 121.465 -64.667 1.231 -0.021 0.007 -0.118 0.993
26.100000000 123.973 -65.281 1.234 -0.019 0.007 -0.12 0.993
26.300000000 125.66 -65.676 1.216 -0.021 0.012 -0.121 0.992
26.600000000 128.107 -66.289 1.241 -0.017 -0.002 -0.121 0.992
26.900000000 130.601 -66.899 1.201 -0.012 0.017 -0.12 0.993
27.200000000 133.02 -67.456 1.198 -0.019 0.005 -0.118 0.993
27.500000000 135.438 -68.02 1.22 -0.016 0.005 -0.114 0.993
27.700000000 137.037 -68.364 1.229 -0.018 0.005 -0.11 0.994
28.0 139.453 -68.871 1.23 -0.021 0.008 -0.107 0.994
28.300000000 141.827 -69.377 1.238 -0.017 0.005 -0.103 0.995
28.600000000 144.19 -69.835 1.224 -0.014 0.01 -0.094 0.995
28.800000000 145.79 -70.115 1.189 -0.017 0.015 -0.089 0.996
29.100000000 148.167 -70.51 1.182 -0.016 0.006 -0.08 0.997
29.400000000 150.591 -70.829 1.166 -0.021 0.008 -0.069 0.997
29.700000000 153.031 -71.101 1.165 -0.022 0.006 -0.056 0.998
30.0 155.515 -71.31 1.14 -0.024 0.013 -0.044 0.999
30.300000000 157.977 -71.473 1.111 -0.026 0.011 -0.037 0.999
30.700000000 161.271 -71.645 1.055 -0.03 0.014 -0.031 0.999
31.0 163.731 -71.772 1.038 -0.025 0.012 -0.024 0.999
31.300000000 166.193 -71.842 0.993 -0.024 0.013 -0.013 1.0
31.600000000 168.692 -71.883 0.941 -0.015 0.016 -0.004 1.0
31.800000000 170.343 -71.886 0.917 -0.01 0.009 0.003 1.0
32.100000000 172.882 -71.832 0.868 -0.01 0.016 0.012 1.0
32.399999999 175.435 -71.727 0.829 -0.013 0.014 0.018 1.0
32.700000000 177.97 -71.598 0.79 -0.015 0.01 0.021 1.0
33.0 180.541 -71.472 0.725 -0.016 0.016 0.022 1.0
33.200000000 182.24 -71.406 0.708 -0.011 0.007 0.024 1.0
33.399999999 183.954 -71.325 0.696 -0.007 0.007 0.026 1.0
33.700000000 186.498 -71.167 0.665 -0.009 0.012 0.027 1.0
33.899999999 188.187 -71.053 0.641 -0.013 0.009 0.028 0.999
34.200000000 190.695 -70.884 0.612 -0.017 0.013 0.028 0.999
34.399999999 192.351 -70.782 0.598 -0.018 0.011 0.029 0.999
34.700000000 194.781 -70.615 0.545 -0.021 0.013 0.031 0.999
34.899999999 196.343 -70.523 0.513 -0.016 0.019 0.032 0.999
35.200000000 198.568 -70.37 0.495 -0.016 0.011 0.032 0.999
35.500000000 200.627 -70.24 0.49 -0.013 0.007 0.028 1.0
35.700000000 201.968 -70.158 0.472 -0.015 0.013 0.022 1.0
36.0 203.928 -70.065 0.444 -0.018 0.011 0.012 1.0
36.200000000 205.211 -70.031 0.441 -0.02 0.004 0.005 1.0
36.500000000 207.161 -70.06 0.429 -0.014 0.01 -0.004 1.0
36.700000000 208.436 -70.084 0.427 -0.012 0.012 -0.009 1.0
37.0 210.347 -70.101 0.384 -0.013 0.014 -0.009 1.0
37.200000000 211.65 -70.106 0.363 -0.018 0.013 -0.009 1.0
37.500000000 213.593 -70.12 0.346 -0.017 0.004 -0.006 1.0
37.700000000 214.955 -70.109 0.313 -0.02 0.011 -0.002 1.0
38.0 217.012 -70.111 0.277 -0.015 0.022 0.004 1.0
38.200000000 218.386 -70.076 0.236 -0.015 0.015 0.007 1.0
38.500000000 220.483 -70.074 0.18 -0.005 0.017 0.009 1.0
38.800000000 222.569 -70.038 0.133 0.002 0.015 0.011 1.0
39.0 223.955 -70.02 0.103 0.006 0.016 0.012 1.0
39.300000000 226.039 -69.971 0.049 0.008 0.019 0.013 1.0
39.600000000 228.071 -69.917 0.024 0.009 0.008 0.013 1.0
39.800000000 229.406 -69.877 0.005 0.008 0.012 0.012 1.0
40.0 230.691 -69.848 -0.009 0.009 0.018 0.013 1.0
40.200000000 231.906 -69.808 -0.046 0.01 0.021 0.014 1.0
40.400000000 233.05 -69.78 -0.065 0.015 0.02 0.021 0.999
40.600000000 234.108 -69.709 -0.085 0.017 0.017 0.033 0.999
40.800000000 235.11 -69.599 -0.102 0.02 0.016 0.054 0.998
41.100000000 236.584 -69.328 -0.13 0.021 0.018 0.096 0.995
41.300000000 237.495 -69.048 -0.138 0.019 0.014 0.135 0.991
41.500000000 238.363 -68.68 -0.144 0.014 0.011 0.18 0.983
41.800000000 239.492 -67.953 -0.149 -0.003 0.006 0.257 0.966
42.100000000 240.459 -67.098 -0.167 -0.014 0.008 0.34 0.94
42.400000000 241.26 -66.106 -0.214 -0.026 0.018 0.418 0.908
42.700000000 241.872 -65.045 -0.258 -0.026 0.022 0.494 0.869
43.0 242.318 -63.948 -0.318 -0.015 0.02 0.568 0.823
43.300000000 242.596 -62.649 -0.386 -0.014 0.019 0.629 0.777
43.700000000 242.754 -60.71 -0.46 -0.012 0.016 0.686 0.728
44.0 242.745 -59.143 -0.512 -0.012 0.012 0.71 0.704
44.300000000 242.649 -57.446 -0.563 -0.012 0.009 0.721 0.693
44.500000000 242.576 -56.218 -0.597 -0.012 0.009 0.723 0.691
44.800000000 242.461 -54.246 -0.651 -0.012 0.01 0.722 0.691
45.100000000 242.375 -52.109 -0.709 -0.009 0.009 0.722 0.692
45.300000000 242.304 -50.568 -0.752 -0.009 0.009 0.721 0.693
45.600000000 242.216 -48.101 -0.809 -0.007 0.011 0.719 0.695
45.900000000 242.124 -45.489 -0.877 -0.008 0.015 0.718 0.696
46.200000000 242.033 -42.827 -0.948 -0.009 0.016 0.718 0.696
46.500000000 241.935 -40.174 -1.013 -0.007 0.018 0.72 0.694
46.700000000 241.862 -38.417 -1.062 -0.008 0.023 0.722 0.692
47.0 241.725 -35.791 -1.144 -0.007 0.022 0.724 0.689
47.300000000 241.563 -33.175 -1.215 -0.008 0.019 0.726 0.687
47.600000000 241.379 -30.592 -1.272 -0.008 0.014 0.727 0.687
47.800000000 241.278 -28.888 -1.303 -0.008 0.014 0.725 0.688
48.100000000 241.151 -26.341 -1.36 -0.007 0.018 0.723 0.69
48.400000000 241.035 -23.826 -1.415 -0.005 0.019 0.721 0.692
48.700000000 240.934 -21.336 -1.484 -0.006 0.022 0.722 0.692
48.900000000 240.847 -19.711 -1.523 -0.007 0.022 0.723 0.691
49.200000000 240.702 -17.279 -1.585 -0.006 0.018 0.726 0.687
49.400000000 240.588 -15.684 -1.621 -0.007 0.017 0.73 0.684
49.700000000 240.383 -13.305 -1.685 -0.012 0.016 0.734 0.679
50.0 240.149 -10.988 -1.748 -0.016 0.011 0.736 0.676
50.300000000 239.925 -8.763 -1.807 -0.019 0.008 0.737 0.676
50.500000000 239.784 -7.355 -1.846 -0.021 0.007 0.736 0.676
50.800000000 239.609 -5.355 -1.897 -0.023 0.006 0.734 0.679
51.100000000 239.458 -3.473 -1.942 -0.022 0.005 0.731 0.682
51.400000000 239.342 -1.722 -1.989 -0.022 0.006 0.728 0.685
51.700000000 239.256 -0.131 -2.028 -0.022 0.007 0.723 0.69
52.0 239.198 1.313 -2.069 -0.022 0.008 0.719 0.695
52.300000000 239.165 2.604 -2.103 -0.023 0.01 0.713 0.7
52.500000000 239.164 3.377 -2.127 -0.022 0.011 0.709 0.705
52.800000000 239.178 4.402 -2.151 -0.02 0.011 0.703 0.711
53.100000000 239.198 5.231 -2.178 -0.02 0.011 0.698 0.716
53.400000000 239.229 5.819 -2.184 -0.015 0.01 0.694 0.719
53.700000000 239.243 6.179 -2.197 -0.015 0.01 0.693 0.721
54.0 239.252 6.369 -2.202 -0.013 0.009 0.692 0.722
54.300000000 239.253 6.459 -2.204 -0.013 0.009 0.692 0.722
54.600000000 239.253 6.454 -2.203 -0.013 0.008 0.692 0.722
54.900000000 239.253 6.451 -2.201 -0.012 0.007 0.692 0.722
55.200000000 239.255 6.46 -2.202 -0.012 0.007 0.692 0.722
55.600000000 239.257 6.523 -2.204 -0.012 0.007 0.692 0.722
55.900000000 239.26 6.623 -2.209 -0.011 0.006 0.692 0.722
56.200000000 239.273 6.855 -2.216 -0.008 0.004 0.69 0.723
56.500000000 239.306 7.263 -2.223 -0.007 0.003 0.684 0.729
56.800000000 239.362 7.84 -2.238 -0.007 0.001 0.671 0.741
57.100000000 239.489 8.544 -2.245 -0.01 0.005 0.649 0.761
57.500000000 239.789 9.585 -2.26 -0.008 0.008 0.604 0.797
57.800000000 240.184 10.453 -2.279 -0.01 0.015 0.553 0.833
58.200000000 240.943 11.582 -2.326 -0.015 0.018 0.463 0.886
58.500000000 241.756 12.356 -2.357 -0.012 0.015 0.38 0.925
58.900000000 243.219 13.269 -2.423 -0.012 0.013 0.257 0.966
59.300000000 245.037 13.864 -2.478 -0.008 0.012 0.146 0.989
59.700000000 247.237 14.235 -2.531 -0.009 0.012 0.066 0.998
60.0 249.064 14.364 -2.57 -0.006 0.013 0.033 0.999
60.400000000 251.728 14.469 -2.632 -0.005 0.012 0.014 1.0
60.600000000 253.151 14.501 -2.664 -0.004 0.012 0.011 1.0
60.900000000 255.411 14.548 -2.72 -0.004 0.015 0.009 1.0
61.200000000 257.809 14.602 -2.776 -0.003 0.013 0.011 1.0
61.500000000 260.322 14.685 -2.822 -0.007 0.009 0.012 1.0
61.800000000 262.985 14.754 -2.889 -0.005 0.019 0.012 1.0
62.200000000 266.649 14.851 -2.979 -0.001 0.009 0.014 1.0
62.500000000 269.561 14.953 -3.026 -0.003 0.013 0.014 1.0
62.800000000 272.562 15.048 -3.101 -0.003 0.017 0.014 1.0
63.200000000 276.666 15.175 -3.193 -0.002 0.013 0.015 1.0
63.500000000 279.812 15.287 -3.269 0.0 0.015 0.018 1.0
63.800000000 282.978 15.42 -3.319 0.001 0.01 0.02 1.0
64.200000000 287.213 15.632 -3.393 -0.002 0.017 0.023 1.0
64.500000000 290.351 15.795 -3.46 -0.003 0.016 0.024 1.0
64.799999999 293.467 15.957 -3.513 -0.003 0.012 0.024 1.0
65.0 295.554 16.066 -3.553 -0.004 0.014 0.023 1.0
65.299999999 298.641 16.231 -3.617 -0.007 0.017 0.023 1.0
65.600000000 301.72 16.394 -3.701 -0.011 0.017 0.022 1.0
65.900000000 304.792 16.559 -3.772 -0.014 0.014 0.022 1.0
66.100000000 306.834 16.663 -3.811 -0.015 0.014 0.021 1.0
66.400000000 309.927 16.813 -3.879 -0.015 0.016 0.022 1.0
66.700000000 313.034 16.96 -3.957 -0.016 0.016 0.021 1.0
67.0 316.177 17.101 -4.042 -0.016 0.017 0.02 1.0
67.299999999 319.356 17.241 -4.109 -0.017 0.013 0.019 1.0
67.600000000 322.591 17.378 -4.194 -0.016 0.018 0.019 1.0
67.900000000 325.829 17.507 -4.285 -0.014 0.02 0.019 1.0
68.200000000 329.041 17.635 -4.369 -0.012 0.018 0.019 1.0
68.400000000 331.167 17.719 -4.425 -0.01 0.019 0.019 1.0
68.700000000 334.321 17.841 -4.518 -0.006 0.021 0.02 1.0
68.900000000 336.421 17.925 -4.576 -0.004 0.018 0.02 1.0
69.200000000 339.511 18.056 -4.661 -0.001 0.021 0.021 1.0
69.400000000 341.519 18.144 -4.722 0.0 0.023 0.022 0.999
69.799999999 345.402 18.34 -4.838 0.001 0.021 0.024 0.999
70.0 347.29 18.443 -4.893 0.001 0.022 0.025 0.999
70.299999999 350.016 18.601 -4.971 -0.001 0.021 0.025 0.999
70.600000000 352.636 18.743 -5.043 -0.001 0.021 0.024 1.0
70.900000000 355.082 18.852 -5.113 0.0 0.022 0.021 1.0
71.200000000 357.333 18.944 -5.184 0.001 0.025 0.018 1.0
71.500000000 359.375 19.021 -5.236 0.001 0.021 0.016 1.0
71.799999999 361.214 19.085 -5.294 0.001 0.021 0.015 1.0
72.100000000 362.843 19.149 -5.331 0.001 0.023 0.018 1.0
72.299999999 363.817 19.205 -5.359 -0.0 0.02 0.025 0.999
72.600000000 365.169 19.34 -5.392 -0.001 0.018 0.048 0.999
72.900000000 366.474 19.574 -5.428 -0.003 0.021 0.087 0.996
73.299999999 368.083 20.113 -5.486 -0.004 0.024 0.168 0.986
73.600000000 369.177 20.701 -5.543 -0.005 0.03 0.24 0.97
73.900000000 370.18 21.505 -5.617 -0.011 0.033 0.321 0.946
74.299999999 371.376 22.863 -5.731 -0.001 0.042 0.435 0.899
74.700000000 372.259 24.64 -5.85 0.01 0.039 0.552 0.833
75.100000000 372.647 26.703 -5.928 0.014 0.041 0.657 0.753
75.400000000 372.607 28.379 -5.98 0.002 0.034 0.709 0.704
75.799999999 372.403 30.829 -6.081 -0.004 0.033 0.736 0.676
76.200000000 372.153 33.398 -6.176 0.004 0.025 0.739 0.674
76.600000000 371.885 36.16 -6.242 0.0 0.025 0.737 0.675
76.900000000 371.684 38.375 -6.306 -0.003 0.021 0.733 0.68
77.200000000 371.505 40.74 -6.384 -0.007 0.023 0.729 0.684
77.500000000 371.354 43.24 -6.474 -0.007 0.021 0.726 0.688
77.800000000 371.214 45.895 -6.595 -0.01 0.028 0.722 0.691
78.100000000 371.091 48.608 -6.714 -0.01 0.025 0.72 0.693
78.400000000 370.98 51.366 -6.827 -0.009 0.025 0.72 0.694
78.600000000 370.901 53.226 -6.9 -0.009 0.026 0.72 0.693
78.900000000 370.768 55.994 -7.009 -0.012 0.025 0.721 0.692
79.200000000 370.633 58.742 -7.114 -0.011 0.024 0.723 0.691
79.500000000 370.479 61.481 -7.221 -0.013 0.026 0.726 0.687
79.800000000 370.278 64.19 -7.346 -0.016 0.022 0.73 0.683
80.100000000 370.074 66.882 -7.451 -0.014 0.021 0.731 0.682
80.400000000 369.867 69.565 -7.547 -0.015 0.021 0.731 0.682
80.700000000 369.679 72.221 -7.656 -0.016 0.02 0.727 0.686
81.100000000 369.487 75.755 -7.808 -0.018 0.021 0.72 0.693
81.400000000 369.395 78.395 -7.918 -0.017 0.02 0.715 0.699
81.700000000 369.344 81.014 -8.025 -0.017 0.02 0.71 0.704
82.0 369.338 83.61 -8.144 -0.019 0.023 0.705 0.708
82.300000000 369.36 86.097 -8.25 -0.015 0.024 0.703 0.711
82.700000000 369.396 89.155 -8.368 -0.011 0.026 0.703 0.711
83.0 369.402 91.206 -8.446 -0.01 0.03 0.706 0.708
83.300000000 369.375 93.051 -8.518 -0.008 0.031 0.712 0.702
83.600000000 369.312 94.842 -8.587 -0.008 0.031 0.72 0.694
83.900000000 369.202 96.604 -8.655 -0.006 0.028 0.727 0.686
84.200000000 369.061 98.339 -8.713 -0.003 0.025 0.733 0.679
84.500000000 368.886 100.109 -8.767 -0.003 0.023 0.738 0.674
84.900000000 368.612 102.559 -8.841 -0.005 0.019 0.743 0.669
85.200000000 368.393 104.48 -8.888 -0.005 0.019 0.744 0.668
85.600000000 368.076 107.237 -9.012 -0.019 0.027 0.742 0.669
86.0 367.754 110.153 -9.16 -0.014 0.015 0.738 0.675
86.300000000 367.55 112.566 -9.288 -0.024 0.027 0.734 0.679
86.700000000 367.287 115.898 -9.458 -0.016 0.013 0.728 0.685
87.0 367.116 118.591 -9.585 -0.022 0.012 0.722 0.692
87.400000000 367.025 122.354 -9.714 -0.015 0.015 0.712 0.702
87.700000000 367.006 125.297 -9.844 -0.016 0.019 0.707 0.707
88.0 367.012 128.268 -9.958 -0.014 0.021 0.705 0.708
88.300000000 366.997 131.256 -10.094 -0.017 0.023 0.707 0.707
88.600000000 366.967 134.233 -10.216 -0.01 0.021 0.71 0.703
88.900000000 366.921 137.208 -10.33 -0.01 0.027 0.714 0.7
89.200000000 366.816 140.145 -10.445 -0.012 0.022 0.716 0.697
89.400000000 366.743 142.094 -10.509 -0.011 0.021 0.718 0.696
89.700000000 366.635 145.016 -10.633 -0.013 0.028 0.72 0.693
90.0 366.484 147.895 -10.762 -0.013 0.026 0.724 0.689
90.300000000 366.327 150.764 -10.883 -0.012 0.026 0.726 0.687
90.600000000 366.156 153.614 -11.023 -0.014 0.031 0.727 0.686
90.800000000 366.031 155.489 -11.117 -0.016 0.029 0.727 0.686
91.100000000 365.851 158.271 -11.25 -0.015 0.025 0.726 0.687
91.400000000 365.702 161.024 -11.378 -0.015 0.026 0.724 0.689
91.700000000 365.565 163.736 -11.516 -0.017 0.03 0.723 0.69
91.900000000 365.478 165.479 -11.607 -0.016 0.029 0.722 0.691
92.200000000 365.36 168.0 -11.745 -0.019 0.031 0.721 0.692
92.500000000 365.26 170.354 -11.856 -0.011 0.029 0.721 0.692
92.800000000 365.171 172.535 -11.965 -0.013 0.037 0.722 0.691
93.100000000 365.055 174.5 -12.045 -0.009 0.029 0.725 0.688
93.400000000 364.912 176.329 -12.131 -0.013 0.029 0.729 0.684
93.600000000 364.815 177.49 -12.176 -0.014 0.03 0.734 0.679
93.900000000 364.623 179.129 -12.248 -0.01 0.031 0.75 0.66
94.100000000 364.425 180.173 -12.291 -0.009 0.031 0.768 0.639
94.500000000 363.788 182.171 -12.362 -0.006 0.032 0.821 0.571
94.800000000 363.052 183.5 -12.414 -0.004 0.033 0.865 0.5
95.100000000 362.07 184.659 -12.445 -0.005 0.032 0.909 0.416
95.400000000 360.859 185.62 -12.474 -0.004 0.031 0.946 0.321
95.700000000 359.413 186.338 -12.501 -0.004 0.027 0.975 0.222
96.0 357.793 186.813 -12.508 -0.004 0.031 0.991 0.128
96.300000000 356.057 187.037 -12.514 -0.001 0.025 0.998 0.059
96.600000000 354.139 187.135 -12.512 -0.002 0.023 0.999 0.024
96.900000000 352.143 187.167 -12.491 0.008 0.027 1.0 0.002
97.200000000 350.055 187.093 -12.45 0.01 0.025 0.999 -0.018
97.500000000 347.836 186.96 -12.39 0.01 0.023 0.999 -0.028
97.700000000 346.306 186.858 -12.353 0.01 0.021 0.999 -0.032
98.0 343.916 186.667 -12.292 0.007 0.019 0.999 -0.04
98.300000000 341.418 186.429 -12.243 0.009 0.016 0.999 -0.045
98.600000000 338.796 186.168 -12.175 0.011 0.014 0.999 -0.045
98.900000000 336.073 185.909 -12.096 0.009 0.012 0.999 -0.041
99.200000000 333.293 185.67 -12.033 0.006 0.01 0.999 -0.037
99.500000000 330.465 185.453 -11.998 -0.001 0.009 0.999 -0.034
99.700000000 328.583 185.311 -11.974 0.001 0.007 0.999 -0.031
100.0 325.815 185.128 -11.939 0.001 0.008 1.0 -0.028
100.400000000 322.097 184.908 -11.887 0.003 0.004 1.0 -0.025
100.600000000 320.221 184.795 -11.861 0.003 0.001 1.0 -0.022
100.900000000 317.378 184.665 -11.832 0.001 0.002 1.0 -0.019
101.200000000 314.509 184.56 -11.798 0.001 0.005 1.0 -0.017
101.500000000 311.635 184.439 -11.777 -0.002 0.003 1.0 -0.017
101.800000000 308.8 184.316 -11.735 0.004 0.003 1.0 -0.019
102.100000000 305.96 184.19 -11.688 0.003 0.003 1.0 -0.019
102.400000000 303.147 184.079 -11.643 0.002 0.004 1.0 -0.015
102.800000000 299.446 183.973 -11.581 0.004 0.004 1.0 -0.01
103.100000000 296.648 183.893 -11.538 0.003 0.005 1.0 -0.01
103.400000000 293.866 183.825 -11.492 0.004 0.01 1.0 -0.014
103.700000000 291.067 183.69 -11.443 0.006 0.008 1.0 -0.02
104.0 288.224 183.547 -11.411 0.0 0.007 1.0 -0.022
104.300000000 285.402 183.419 -11.355 0.008 0.011 1.0 -0.023
104.600000000 282.513 183.264 -11.314 0.0 0.01 1.0 -0.023
104.900000000 279.609 183.134 -11.282 0.002 0.011 1.0 -0.019
105.200000000 276.66 183.026 -11.26 -0.002 0.013 1.0 -0.015
105.500000000 273.709 182.919 -11.242 -0.001 0.013 1.0 -0.015
105.800000000 270.746 182.796 -11.225 -0.003 0.013 1.0 -0.019
106.100000000 267.793 182.65 -11.211 -0.0 0.012 1.0 -0.022
106.500000000 263.84 182.431 -11.185 -0.003 0.009 1.0 -0.025
106.800000000 260.864 182.253 -11.139 0.007 0.01 1.0 -0.028
107.100000000 257.852 182.069 -11.057 0.006 0.014 0.999 -0.031
107.400000000 254.813 181.856 -11.029 -0.003 0.012 0.999 -0.031
107.700000000 251.832 181.675 -10.984 0.003 0.015 0.999 -0.028
108.0 248.855 181.513 -10.926 0.003 0.018 1.0 -0.026
108.400000000 244.944 181.304 -10.866 0.002 0.016 1.0 -0.022
108.800000000 241.136 181.129 -10.817 -0.003 0.021 1.0 -0.021
109.100000000 238.415 181.026 -10.789 -0.002 0.026 0.999 -0.021
109.400000000 235.796 180.889 -10.751 0.003 0.019 1.0 -0.019
109.800000000 232.46 180.76 -10.687 -0.001 0.014 1.0 -0.011
110.200000000 229.386 180.7 -10.642 -0.003 0.015 1.0 -0.005
110.700000000 226.003 180.693 -10.607 -0.003 0.019 1.0 0.0
111.0 224.224 180.686 -10.583 -0.001 0.023 1.0 -0.004
111.400000000 222.175 180.612 -10.555 -0.002 0.023 0.999 -0.024
111.700000000 220.818 180.474 -10.526 0.002 0.025 0.998 -0.056
112.0 219.533 180.181 -10.501 0.002 0.025 0.993 -0.112
112.400000000 217.978 179.51 -10.459 0.006 0.015 0.979 -0.205
112.700000000 216.872 178.799 -10.418 0.009 0.015 0.96 -0.279
113.0 215.791 177.853 -10.373 0.005 0.014 0.934 -0.358
113.500000000 214.302 175.752 -10.302 0.012 0.014 0.871 -0.491
113.800000000 213.604 174.117 -10.222 0.014 0.014 0.826 -0.563
114.200000000 213.097 171.664 -10.144 0.016 0.002 0.765 -0.643
114.600000000 212.892 168.976 -10.041 0.027 0.003 0.729 -0.684
114.900000000 212.825 166.82 -9.956 0.021 0.0 0.717 -0.696
115.200000000 212.787 164.608 -9.858 0.023 0.006 0.713 -0.701
115.600000000 212.762 161.504 -9.721 0.019 0.006 0.71 -0.704
115.900000000 212.761 159.085 -9.617 0.017 0.008 0.707 -0.707
116.300000000 212.796 155.736 -9.479 0.019 0.009 0.705 -0.709
116.700000000 212.841 152.217 -9.337 0.013 0.008 0.703 -0.711
117.0 212.889 149.518 -9.233 0.01 0.011 0.699 -0.715
117.400000000 213.036 145.907 -9.107 0.007 0.008 0.692 -0.722
117.900000000 213.332 141.404 -8.95 0.013 0.009 0.683 -0.73
118.200000000 213.564 138.723 -8.846 0.014 0.002 0.68 -0.733
118.600000000 213.882 135.19 -8.727 0.021 -0.003 0.68 -0.733
119.0 214.162 131.764 -8.594 0.027 -0.003 0.683 -0.73
119.300000000 214.332 129.317 -8.478 0.026 -0.005 0.686 -0.727
119.700000000 214.526 126.308 -8.345 0.028 -0.006 0.692 -0.721
120.100000000 214.609 123.631 -8.217 0.026 -0.003 0.7 -0.713
120.500000000 214.623 121.159 -8.09 0.027 0.002 0.709 -0.705
121.100000000 214.562 117.537 -7.915 0.019 -0.004 0.715 -0.699
121.600000000 214.54 114.584 -7.835 0.013 0.001 0.704 -0.71
122.0 214.668 112.284 -7.754 0.012 0.008 0.674 -0.739
122.500000000 215.264 109.523 -7.644 0.013 0.004 0.61 -0.792
123.0 216.407 107.052 -7.57 0.014 0.0 0.509 -0.861
123.500000000 218.086 105.033 -7.493 0.013 0.008 0.386 -0.922
124.0 220.261 103.505 -7.424 0.008 0.005 0.264 -0.964
124.400000000 222.21 102.736 -7.394 0.015 0.001 0.176 -0.984
124.800000000 224.232 102.254 -7.375 0.033 -0.007 0.126 -0.992
125.200000000 226.232 101.814 -7.356 0.035 -0.006 0.114 -0.993
125.700000000 228.601 101.18 -7.335 0.03 -0.003 0.14 -0.99
126.200000000 230.628 100.246 -7.3 0.012 -0.007 0.233 -0.972
126.800000000 232.365 98.708 -7.258 0.016 -0.003 0.396 -0.918
127.300000000 233.254 97.096 -7.203 0.014 0.003 0.522 -0.853
127.800000000 233.821 95.274 -7.16 0.012 -0.0 0.61 -0.792
128.400000000 234.226 92.603 -7.089 0.017 0.007 0.664 -0.748
128.900000000 234.406 89.891 -6.984 0.013 0.011 0.683 -0.73
129.400000000 234.619 86.771 -6.886 0.01 0.008 0.685 -0.728
129.900000000 234.825 83.247 -6.769 0.014 0.01 0.689 -0.724
130.400000000 235.005 79.39 -6.63 0.012 0.008 0.694 -0.72
131.99999999 235.195 73.64 -6.427 0.014 0.011 0.698 -0.715
131.599999999 235.3 69.295 -6.246 0.01 0.011 0.698 -0.716
132.0 235.421 65.753 -6.112 0.008 0.013 0.694 -0.719
132.500000000 235.638 61.355 -5.923 0.009 0.012 0.691 -0.723
132.900000000 235.827 57.881 -5.81 0.009 0.012 0.689 -0.725
133.400000000 236.059 53.627 -5.64 0.005 0.011 0.689 -0.725
133.900000000 236.278 49.483 -5.475 0.004 0.014 0.687 -0.726
134.400000000 236.532 45.442 -5.311 0.005 0.015 0.685 -0.729
134.900000000 236.81 41.566 -5.158 0.004 0.013 0.683 -0.73
135.400000000 237.095 38.01 -5.017 0.01 0.01 0.682 -0.732
135.900000000 237.346 34.579 -4.888 0.009 0.007 0.683 -0.73
136.400000000 237.555 31.426 -4.762 0.011 0.009 0.688 -0.726
136.900000000 237.686 28.741 -4.647 0.013 0.004 0.697 -0.717
137.400000000 237.684 26.493 -4.558 0.011 0.006 0.713 -0.701
137.900000000 237.574 24.665 -4.494 0.007 0.006 0.732 -0.682
138.400000000 237.385 23.285 -4.449 0.002 0.008 0.752 -0.659
138.900000000 237.198 22.387 -4.418 0.004 0.011 0.774 -0.633
139.500000000 236.892 21.442 -4.388 0.002 0.013 0.801 -0.598
140.0 236.536 20.566 -4.367 0.009 0.016 0.831 -0.556
140.500000000 235.775 19.356 -4.326 0.008 0.017 0.88 -0.475
141.200000000 233.771 17.566 -4.262 0.01 0.017 0.952 -0.306
141.700000000 231.521 16.627 -4.207 0.009 0.021 0.986 -0.164
142.300000000 227.985 16.047 -4.165 0.001 0.023 0.998 -0.051
142.800000000 224.444 15.87 -4.163 -0.002 0.024 1.0 -0.012
143.300000000 220.391 15.842 -4.182 -0.004 0.028 1.0 -0.001
143.900000000 214.944 15.804 -4.212 -0.002 0.031 1.0 -0.004
144.300000000 210.953 15.744 -4.209 -0.001 0.033 0.999 -0.01
144.800000000 205.665 15.556 -4.193 -0.001 0.03 0.999 -0.018
145.300000000 200.12 15.301 -4.171 -0.002 0.03 0.999 -0.024
145.800000000 194.437 14.987 -4.153 -0.003 0.029 0.999 -0.026
146.400000000 187.457 14.593 -4.142 -0.004 0.026 0.999 -0.024
146.800000000 182.694 14.355 -4.149 -0.007 0.027 0.999 -0.021
147.300000000 176.578 14.1 -4.19 -0.007 0.028 0.999 -0.017
147.800000000 170.329 13.897 -4.202 -0.005 0.03 0.999 -0.014
148.200000000 165.232 13.73 -4.228 -0.005 0.027 1.0 -0.013
148.700000000 158.767 13.539 -4.239 -0.007 0.029 0.999 -0.014
149.200000000 152.243 13.32 -4.255 -0.006 0.029 0.999 -0.015
149.700000000 145.737 13.081 -4.274 -0.008 0.028 0.999 -0.018
150.200000000 139.252 12.813 -4.3 -0.008 0.028 0.999 -0.019
150.700000000 132.83 12.526 -4.353 -0.013 0.026 0.999 -0.021
151.400000000 124.01 12.098 -4.482 -0.014 0.029 0.999 -0.023
151.900000000 118.025 11.794 -4.532 -0.012 0.027 0.999 -0.022
152.300000000 113.537 11.59 -4.555 -0.011 0.026 0.999 -0.019
152.700000000 109.339 11.417 -4.575 -0.011 0.026 0.999 -0.017
153.99999999 105.504 11.288 -4.594 -0.012 0.027 0.999 -0.015
153.600000000 101.249 11.155 -4.627 -0.015 0.026 0.999 -0.013
154.0 98.266 11.063 -4.663 -0.016 0.034 0.999 -0.025
154.400000000 95.666 10.789 -4.691 -0.015 0.038 0.997 -0.071
154.800000000 93.429 10.198 -4.693 -0.012 0.033 0.989 -0.146
155.200000000 91.465 9.214 -4.679 -0.011 0.019 0.97 -0.24
155.700000000 89.451 7.511 -4.682 -0.012 0.007 0.928 -0.373
156.200000000 88.034 5.366 -4.684 -0.009 0.006 0.862 -0.507
156.600000000 87.391 3.421 -4.66 -0.005 0.007 0.8 -0.599
157.100000000 87.045 0.858 -4.629 0.0 0.006 0.744 -0.668
157.600000000 86.887 -1.913 -4.575 0.001 0.01 0.723 -0.691
158.100000000 86.766 -4.964 -4.515 -0.002 0.012 0.72 -0.693
158.500000000 86.658 -7.651 -4.466 -0.005 0.015 0.72 -0.693
159.0 86.537 -11.358 -4.403 -0.011 0.021 0.713 -0.701
159.400000000 86.565 -14.625 -4.355 -0.013 0.02 0.698 -0.716
159.800000000 86.795 -18.071 -4.278 -0.003 0.019 0.685 -0.728
160.500000000 87.216 -24.19 -4.099 0.005 0.007 0.694 -0.72
161.0 87.245 -28.467 -3.991 0.004 0.005 0.715 -0.699
161.400000000 87.071 -31.858 -3.913 0.001 0.006 0.731 -0.683
161.800000000 86.799 -35.25 -3.831 0.002 0.01 0.737 -0.675
162.200000000 86.51 -38.723 -3.749 0.001 0.011 0.736 -0.677
162.700000000 86.188 -43.235 -3.656 0.001 0.007 0.734 -0.679
163.100000000 85.908 -46.84 -3.576 0.009 0.001 0.745 -0.667
163.600000000 85.191 -51.244 -3.453 0.007 -0.0 0.776 -0.63
164.0 84.288 -54.634 -3.383 0.001 0.006 0.802 -0.597
164.500000000 82.857 -58.771 -3.34 -0.01 0.004 0.821 -0.571
165.100000000 80.975 -63.775 -3.298 -0.003 0.012 0.823 -0.567
165.500000000 79.634 -67.225 -3.27 -0.008 0.009 0.829 -0.559
166.0 77.696 -71.514 -3.221 -0.001 0.015 0.848 -0.529
166.400000000 75.913 -74.981 -3.156 -0.005 0.015 0.856 -0.517
166.900000000 73.606 -79.366 -3.088 -0.006 0.014 0.857 -0.514
167.400000000 71.281 -83.683 -3.022 -0.004 0.005 0.866 -0.499
167.800000000 69.27 -86.965 -2.995 -0.005 0.002 0.88 -0.475
168.200000000 67.1 -90.063 -2.968 -0.003 0.002 0.894 -0.448
168.600000000 64.786 -92.976 -2.945 -0.006 0.004 0.905 -0.424
169.100000000 61.856 -96.383 -2.924 -0.01 0.011 0.909 -0.417
169.700000000 58.784 -100.096 -2.901 -0.012 0.014 0.902 -0.431
170.200000000 56.647 -102.831 -2.869 -0.008 0.016 0.9 -0.436
170.600000000 54.942 -104.94 -2.858 -0.013 0.015 0.904 -0.428
171.0 53.237 -106.986 -2.851 -0.01 0.012 0.908 -0.419
171.500000000 50.985 -109.624 -2.847 -0.007 0.011 0.91 -0.415
172.0 48.622 -112.457 -2.877 -0.013 0.007 0.903 -0.429
172.500000000 46.288 -115.595 -2.932 0.0 -0.005 0.896 -0.443
173.0 43.797 -118.971 -2.943 0.001 -0.01 0.894 -0.448
173.500000000 41.091 -122.54 -2.932 -0.002 -0.008 0.896 -0.445
174.0 38.229 -126.338 -2.977 -0.004 -0.013 0.898 -0.44
174.500000000 35.307 -130.198 -3.045 0.0 -0.02 0.898 -0.439
174.800000000 33.528 -132.504 -3.062 -0.003 -0.015 0.896 -0.443
175.100000000 31.783 -134.794 -3.083 -0.006 -0.006 0.894 -0.449
175.500000000 29.532 -137.88 -3.127 -0.008 -0.012 0.894 -0.447
175.800000000 27.847 -140.179 -3.191 -0.005 -0.018 0.896 -0.444
176.200000000 25.576 -143.168 -3.198 0.001 -0.015 0.897 -0.441
176.500000000 23.872 -145.385 -3.206 -0.005 -0.014 0.898 -0.441
176.800000000 22.222 -147.572 -3.227 0.001 -0.014 0.897 -0.441
177.100000000 20.612 -149.69 -3.244 -0.006 -0.015 0.898 -0.44
177.400000000 19.097 -151.646 -3.233 0.002 -0.008 0.9 -0.436
177.900000000 16.726 -154.572 -3.247 -0.006 -0.008 0.905 -0.425
178.200000000 15.459 -156.072 -3.247 -0.005 -0.001 0.905 -0.424
178.500000000 14.319 -157.464 -3.238 -0.011 0.008 0.896 -0.444
178.800000000 13.356 -158.914 -3.233 -0.015 0.016 0.871 -0.49
179.100000000 12.653 -160.451 -3.229 -0.011 0.014 0.838 -0.546
179.500000000 12.023 -162.621 -3.193 -0.007 0.018 0.788 -0.616
179.800000000 11.784 -164.374 -3.167 -0.008 0.009 0.751 -0.66
180.100000000 11.703 -166.206 -3.154 -0.005 0.001 0.727 -0.687
180.400000000 11.699 -168.096 -3.148 0.004 -0.005 0.717 -0.697
180.700000000 11.658 -170.056 -3.141 0.004 -0.007 0.719 -0.695
181.0 11.586 -172.069 -3.133 0.006 -0.006 0.725 -0.689
181.300000000 11.462 -174.131 -3.106 0.011 -0.002 0.731 -0.682
181.600000000 11.308 -176.286 -3.084 0.009 -0.01 0.738 -0.675
181.900000000 11.1 -178.451 -3.051 0.009 -0.006 0.742 -0.671
182.100000000 10.956 -179.938 -3.036 0.008 -0.007 0.742 -0.67
182.400000000 10.744 -182.182 -3.02 0.006 -0.008 0.741 -0.672
182.600000000 10.613 -183.716 -3.021 0.006 -0.01 0.74 -0.672
182.800000000 10.485 -185.261 -3.012 0.005 -0.013 0.739 -0.673
183.0 10.342 -186.795 -3.005 0.005 -0.009 0.739 -0.674
183.300000000 10.148 -189.119 -3.002 0.008 -0.011 0.74 -0.673
183.700000000 9.861 -192.272 -2.971 0.012 -0.009 0.742 -0.67
183.900000000 9.696 -193.879 -2.95 0.013 -0.008 0.744 -0.668
184.200000000 9.431 -196.331 -2.925 0.008 -0.007 0.745 -0.667
184.400000000 9.247 -198.007 -2.91 0.004 -0.007 0.745 -0.666
184.700000000 8.961 -200.511 -2.894 0.001 -0.003 0.745 -0.667
185.0 8.718 -203.027 -2.881 0.002 -0.005 0.742 -0.67
185.300000000 8.489 -205.52 -2.846 0.008 -0.0 0.74 -0.672
185.600000000 8.266 -208.043 -2.839 0.002 -0.008 0.74 -0.673
185.800000000 8.122 -209.743 -2.814 0.005 -0.008 0.741 -0.672
186.100000000 7.892 -212.298 -2.804 0.008 -0.011 0.742 -0.671
186.400000000 7.641 -214.889 -2.799 0.004 -0.009 0.742 -0.67
186.700000000 7.377 -217.472 -2.783 0.003 -0.005 0.741 -0.671
187.0 7.133 -220.117 -2.779 0.002 -0.007 0.741 -0.672
187.300000000 6.904 -222.77 -2.771 0.005 -0.01 0.741 -0.671
187.500000000 6.737 -224.566 -2.778 0.005 -0.012 0.743 -0.669
187.800000000 6.457 -227.264 -2.766 0.004 -0.006 0.744 -0.668
188.100000000 6.183 -229.971 -2.766 0.002 -0.013 0.746 -0.666
188.300000000 6.001 -231.767 -2.771 0.004 -0.015 0.747 -0.665
188.600000000 5.711 -234.407 -2.745 0.009 -0.009 0.747 -0.665
188.800000000 5.509 -236.163 -2.746 0.004 -0.01 0.746 -0.666
189.300000000 5.062 -240.497 -2.724 0.002 -0.009 0.743 -0.67
189.600000000 4.828 -243.05 -2.694 0.008 -0.006 0.741 -0.672
189.800000000 4.674 -244.743 -2.684 0.004 -0.009 0.74 -0.673
190.0 4.533 -246.419 -2.676 0.003 -0.01 0.739 -0.674
190.300000000 4.323 -248.863 -2.661 0.003 -0.007 0.737 -0.676
190.500000000 4.201 -250.432 -2.662 -0.001 -0.01 0.736 -0.677
190.800000000 4.031 -252.687 -2.651 0.001 -0.009 0.737 -0.676
191.100000000 3.853 -254.796 -2.641 0.002 -0.006 0.739 -0.674
191.300000000 3.724 -256.164 -2.627 0.002 -0.006 0.742 -0.67
191.600000000 3.493 -258.105 -2.611 0.002 -0.006 0.752 -0.659
191.900000000 3.185 -259.924 -2.609 -0.005 -0.005 0.764 -0.645
192.200000000 2.841 -261.613 -2.618 -0.012 -0.003 0.775 -0.632
192.400000000 2.602 -262.629 -2.622 -0.013 0.002 0.781 -0.624
192.700000000 2.248 -264.002 -2.629 -0.015 0.005 0.789 -0.614
193.0 1.93 -265.182 -2.629 -0.018 0.007 0.792 -0.611
193.300000000 1.688 -266.157 -2.631 -0.018 0.008 0.787 -0.617
193.600000000 1.54 -266.996 -2.621 -0.014 0.009 0.774 -0.633
193.800000000 1.474 -267.528 -2.618 -0.014 0.011 0.76 -0.649
194.100000000 1.46 -268.304 -2.625 -0.013 0.009 0.731 -0.682
194.400000000 1.538 -269.077 -2.627 -0.014 0.004 0.692 -0.722
194.900000000 1.941 -270.312 -2.612 -0.006 -0.0 0.601 -0.799
195.200000000 2.329 -271.106 -2.606 -0.012 0.011 0.527 -0.85
195.600000000 3.294 -272.128 -2.603 -0.002 0.009 0.415 -0.91
195.900000000 4.193 -272.816 -2.567 -0.001 0.007 0.323 -0.946
196.200000000 5.347 -273.38 -2.556 0.006 0.004 0.244 -0.97
196.500000000 6.707 -273.826 -2.544 0.017 0.006 0.185 -0.983
196.800000000 8.305 -274.288 -2.523 0.015 0.007 0.146 -0.989
197.200000000 10.736 -274.846 -2.478 0.014 0.007 0.095 -0.995
197.500000000 12.763 -275.108 -2.444 0.022 0.015 0.067 -0.997
197.800000000 15.0 -275.351 -2.391 0.017 0.005 0.048 -0.999
198.100000000 17.369 -275.515 -2.352 0.022 0.009 0.038 -0.999
198.400000000 19.875 -275.68 -2.304 0.023 0.009 0.037 -0.999
198.700000000 22.558 -275.882 -2.251 0.023 0.009 0.04 -0.999
198.900000000 24.434 -276.044 -2.208 0.018 0.004 0.043 -0.999
199.200000000 27.241 -276.299 -2.15 0.016 0.009 0.047 -0.999
199.500000000 30.139 -276.567 -2.071 0.015 0.008 0.05 -0.999
199.700000000 32.125 -276.766 -2.034 0.012 0.003 0.051 -0.999
200.0 35.083 -277.053 -1.964 0.013 0.01 0.051 -0.999
200.300000000 38.088 -277.327 -1.901 0.016 0.004 0.05 -0.999
200.600000000 41.123 -277.584 -1.862 0.021 0.0 0.05 -0.999
201.100000000 46.191 -278.04 -1.802 0.021 0.002 0.047 -0.999
201.400000000 49.224 -278.323 -1.728 0.018 0.004 0.048 -0.999
201.700000000 52.261 -278.58 -1.683 0.025 0.004 0.052 -0.998
202.0 55.314 -278.873 -1.647 0.028 -0.002 0.056 -0.998
202.300000000 58.34 -279.22 -1.592 0.02 0.002 0.057 -0.998
202.600000000 61.387 -279.538 -1.56 0.02 -0.003 0.052 -0.998
202.900000000 64.411 -279.805 -1.531 0.027 0.008 0.049 -0.998
203.200000000 67.456 -280.07 -1.452 0.027 0.002 0.046 -0.999
203.500000000 70.48 -280.309 -1.402 0.029 0.005 0.047 -0.998
203.800000000 73.499 -280.58 -1.343 0.027 0.002 0.049 -0.998
204.100000000 76.498 -280.866 -1.269 0.024 0.008 0.051 -0.998
204.400000000 79.521 -281.174 -1.24 0.019 -0.003 0.053 -0.998
204.700000000 82.464 -281.466 -1.17 0.023 0.011 0.055 -0.998
204.900000000 84.474 -281.681 -1.121 0.021 0.003 0.058 -0.998
205.300000000 88.46 -282.168 -1.057 0.02 0.004 0.065 -0.998
205.600000000 91.44 -282.577 -1.003 0.018 0.003 0.074 -0.997
205.900000000 94.398 -283.052 -0.963 0.013 -0.001 0.082 -0.997
206.200000000 97.319 -283.554 -0.925 0.012 0.0 0.089 -0.996
206.600000000 101.148 -284.238 -0.865 0.015 0.002 0.093 -0.996
206.900000000 103.999 -284.771 -0.813 0.007 0.001 0.091 -0.996
207.500000000 109.609 -285.718 -0.728 0.003 0.004 0.081 -0.997
207.800000000 112.344 -286.187 -0.695 -0.01 -0.005 0.079 -0.997
208.100000000 114.957 -286.602 -0.674 -0.011 0.001 0.081 -0.997
208.400000000 117.494 -287.021 -0.652 -0.01 -0.003 0.086 -0.996
208.700000000 119.9 -287.462 -0.638 -0.012 -0.003 0.096 -0.995
209.100000000 122.855 -288.096 -0.612 -0.01 -0.003 0.114 -0.993
209.400000000 124.843 -288.577 -0.568 -0.005 0.004 0.128 -0.992
209.700000000 126.65 -289.06 -0.553 -0.002 -0.003 0.139 -0.99
210.100000000 128.809 -289.703 -0.53 -0.008 -0.002 0.142 -0.99
210.300000000 129.858 -289.995 -0.523 -0.009 0.003 0.137 -0.991
210.600000000 131.452 -290.409 -0.51 -0.015 -0.002 0.118 -0.993
210.900000000 133.039 -290.681 -0.497 -0.015 -0.002 0.079 -0.997
211.200000000 134.618 -290.764 -0.484 -0.014 0.004 0.021 -1.0
211.500000000 136.207 -290.617 -0.463 -0.014 0.002 -0.052 -0.999
211.900000000 138.321 -289.997 -0.422 -0.009 -0.001 -0.165 -0.986
212.200000000 139.818 -289.213 -0.403 -0.007 -0.004 -0.254 -0.967
212.500000000 141.179 -288.109 -0.41 0.0 -0.006 -0.343 -0.939
212.800000000 142.405 -286.757 -0.421 0.001 -0.008 -0.422 -0.907
213.100000000 143.478 -285.119 -0.43 0.002 0.003 -0.482 -0.876
213.400000000 144.456 -283.266 -0.431 0.011 0.003 -0.512 -0.859
214.0 146.498 -279.262 -0.454 0.018 0.005 -0.517 -0.856
214.300000000 147.599 -277.121 -0.462 0.021 0.012 -0.512 -0.859
214.500000000 148.389 -275.648 -0.458 0.021 0.013 -0.509 -0.861
214.800000000 149.658 -273.355 -0.452 0.022 0.011 -0.504 -0.863
215.0 150.557 -271.759 -0.443 0.019 0.011 -0.503 -0.864
215.200000000 151.473 -270.132 -0.445 0.02 0.01 -0.503 -0.864
215.500000000 152.889 -267.646 -0.459 0.021 0.007 -0.5 -0.866
215.700000000 153.846 -265.977 -0.442 0.019 0.013 -0.496 -0.868
216.0 155.33 -263.491 -0.431 0.021 0.008 -0.488 -0.873
216.300000000 156.883 -261.032 -0.414 0.02 0.009 -0.474 -0.88
216.600000000 158.515 -258.658 -0.399 0.016 0.005 -0.461 -0.887
216.900000000 160.219 -256.331 -0.394 0.011 0.0 -0.451 -0.893
217.200000000 161.969 -254.009 -0.39 0.003 -0.003 -0.45 -0.893
217.500000000 163.704 -251.632 -0.408 -0.001 -0.008 -0.457 -0.889
217.800000000 165.379 -249.196 -0.419 -0.001 -0.006 -0.468 -0.884
218.100000000 167.019 -246.721 -0.423 -0.005 -0.008 -0.478 -0.878
218.400000000 168.612 -244.197 -0.437 -0.01 -0.015 -0.489 -0.872
218.700000000 170.134 -241.639 -0.448 -0.015 -0.015 -0.498 -0.867
219.0 171.609 -239.044 -0.462 -0.015 -0.018 -0.505 -0.863
219.300000000 173.026 -236.443 -0.483 -0.011 -0.018 -0.509 -0.861
219.900000000 175.817 -231.308 -0.481 -0.012 -0.009 -0.506 -0.862
220.200000000 177.21 -228.794 -0.457 -0.007 -0.009 -0.503 -0.864
220.500000000 178.615 -226.331 -0.462 -0.007 -0.013 -0.502 -0.865
220.700000000 179.527 -224.714 -0.462 -0.007 -0.012 -0.503 -0.864
221.0 180.861 -222.318 -0.468 -0.005 -0.01 -0.504 -0.864
221.400000000 182.566 -219.258 -0.49 -0.006 -0.012 -0.506 -0.862
221.700000000 183.781 -217.053 -0.472 -0.009 -0.011 -0.509 -0.861
222.0 184.904 -214.976 -0.47 -0.007 -0.015 -0.512 -0.859
222.300000000 185.926 -213.033 -0.475 -0.006 -0.011 -0.513 -0.858
222.600000000 186.868 -211.222 -0.485 0.0 -0.012 -0.515 -0.857
222.900000000 187.733 -209.598 -0.473 -0.002 -0.013 -0.515 -0.857
223.200000000 188.501 -208.143 -0.488 -0.002 -0.011 -0.512 -0.859
223.500000000 189.196 -206.888 -0.486 -0.002 -0.012 -0.506 -0.863
223.800000000 189.806 -205.856 -0.5 -0.001 -0.015 -0.496 -0.868
224.100000000 190.315 -205.037 -0.505 0.002 -0.017 -0.483 -0.876
224.500000000 190.876 -204.231 -0.505 0.0 -0.014 -0.465 -0.885
224.800000000 191.293 -203.656 -0.519 0.001 -0.009 -0.452 -0.892
225.100000000 191.733 -203.106 -0.523 -0.001 -0.007 -0.439 -0.898
225.500000000 192.339 -202.35 -0.541 0.003 -0.002 -0.424 -0.906
225.900000000 193.19 -201.393 -0.528 -0.001 0.005 -0.412 -0.911
226.400000000 194.632 -199.701 -0.521 0.003 0.005 -0.416 -0.909
226.800000000 196.021 -197.993 -0.534 0.008 -0.005 -0.433 -0.902
227.200000000 197.514 -196.035 -0.561 0.001 -0.008 -0.453 -0.891
227.500000000 198.665 -194.364 -0.596 -0.007 -0.007 -0.47 -0.883
227.900000000 200.199 -191.962 -0.608 -0.011 -0.013 -0.488 -0.873
228.300000000 201.767 -189.369 -0.664 -0.014 -0.021 -0.495 -0.868
228.700000000 203.373 -186.612 -0.702 -0.011 -0.02 -0.497 -0.867
229.0 204.605 -184.454 -0.733 -0.011 -0.013 -0.498 -0.867
229.300000000 205.897 -182.213 -0.758 -0.009 -0.015 -0.498 -0.867
229.700000000 207.656 -179.175 -0.812 -0.005 -0.017 -0.497 -0.868
230.0 208.974 -176.907 -0.842 -0.005 -0.016 -0.496 -0.868
230.400000000 210.745 -173.876 -0.897 -0.004 -0.018 -0.497 -0.868
230.800000000 212.492 -170.926 -0.923 -0.011 -0.012 -0.498 -0.867
231.200000000 214.163 -168.012 -0.943 -0.009 -0.015 -0.5 -0.866
231.600000000 215.691 -165.355 -0.955 -0.011 -0.019 -0.502 -0.864
232.100000000 217.273 -162.401 -0.975 -0.007 -0.019 -0.516 -0.856
232.500000000 218.292 -160.281 -0.973 -0.014 -0.012 -0.542 -0.84
232.900000000 219.02 -158.106 -0.974 -0.006 -0.014 -0.593 -0.805
233.400000000 219.467 -155.37 -0.994 0.002 -0.012 -0.662 -0.749
233.800000000 219.49 -153.047 -1.032 0.011 -0.006 -0.705 -0.709
234.600000000 219.216 -147.834 -1.204 0.017 -0.009 -0.728 -0.686
235.0 219.049 -144.868 -1.287 0.01 -0.01 -0.727 -0.686
235.500000000 218.83 -140.802 -1.402 0.006 -0.008 -0.723 -0.691
236.0 218.703 -136.306 -1.504 0.005 -0.017 -0.715 -0.698
236.500000000 218.633 -131.508 -1.62 -0.009 -0.017 -0.713 -0.701
237.100000000 218.503 -125.399 -1.729 0.0 -0.021 -0.715 -0.699
237.500000000 218.377 -121.311 -1.776 -0.003 -0.019 -0.718 -0.696
238.100000000 218.116 -115.22 -1.894 -0.001 -0.018 -0.72 -0.694
238.700000000 217.9 -109.302 -2.019 -0.002 -0.02 -0.719 -0.695
239.200000000 217.776 -104.455 -2.068 -0.004 -0.025 -0.717 -0.697
239.900000000 217.608 -97.813 -2.186 -0.007 -0.031 -0.719 -0.695
240.500000000 217.342 -92.378 -2.303 -0.004 -0.029 -0.725 -0.688
241.100000000 217.053 -87.504 -2.398 0.001 -0.027 -0.726 -0.688
241.700000000 216.904 -83.383 -2.498 0.004 -0.026 -0.711 -0.703
242.200000000 217.096 -80.407 -2.583 0.004 -0.027 -0.67 -0.742
242.900000000 218.104 -76.536 -2.697 0.012 -0.012 -0.561 -0.828
243.500000000 220.004 -73.72 -2.777 0.017 -0.013 -0.405 -0.914
244.100000000 222.833 -71.721 -2.827 0.009 0.003 -0.245 -0.969
244.700000000 226.493 -70.549 -2.813 0.007 0.003 -0.099 -0.995
245.400000000 231.43 -70.164 -2.737 -0.002 -0.002 -0.016 -1.0
246.300000000 238.373 -70.086 -2.678 -0.018 0.006 -0.008 -1.0
246.800000000 242.551 -70.055 -2.614 -0.031 0.004 -0.013 -0.999
247.400000000 247.884 -69.833 -2.582 -0.019 0.002 -0.017 -1.0
248.0 253.593 -69.613 -2.537 -0.01 -0.005 -0.014 -1.0
248.500000000 258.61 -69.465 -2.52 -0.011 -0.0 -0.014 -1.0
249.200000000 265.939 -69.206 -2.494 -0.012 -0.003 -0.017 -1.0
249.700000000 271.271 -69.0 -2.487 -0.013 -0.004 -0.017 -1.0
250.300000000 277.626 -68.745 -2.436 -0.012 -0.002 -0.02 -1.0
250.900000000 283.892 -68.447 -2.419 -0.007 -0.003 -0.018 -1.0
251.400000000 289.066 -68.227 -2.395 -0.002 -0.002 -0.017 -1.0
251.900000000 294.219 -68.025 -2.399 -0.002 -0.006 -0.018 -1.0
252.500000000 300.285 -67.743 -2.405 -0.002 -0.011 -0.024 -1.0
253.0 305.276 -67.453 -2.422 -0.007 -0.003 -0.032 -0.999
253.400000000 309.25 -67.135 -2.395 -0.005 -0.001 -0.042 -0.999
253.900000000 314.19 -66.605 -2.402 0.004 -0.006 -0.053 -0.999
254.400000000 319.137 -66.001 -2.392 0.019 -0.002 -0.052 -0.998
254.900000000 324.126 -65.509 -2.439 0.023 -0.01 -0.038 -0.999
255.400000000 329.121 -65.17 -2.453 0.022 -0.005 -0.024 -0.999
255.900000000 334.139 -64.947 -2.455 0.022 -0.005 -0.015 -1.0
256.199999999 337.185 -64.845 -2.462 0.021 -0.009 -0.013 -1.0
257.0 345.238 -64.625 -2.485 0.019 -0.007 -0.011 -1.0
257.300000000 348.166 -64.553 -2.496 0.017 -0.009 -0.01 -1.0
257.699999999 351.87 -64.488 -2.499 0.012 -0.007 -0.007 -1.0
258.199999999 356.226 -64.426 -2.502 0.02 -0.004 0.005 -1.0
258.600000000 359.421 -64.504 -2.529 0.014 -0.013 0.015 -1.0
259.100000000 362.951 -64.617 -2.52 0.01 -0.004 0.017 -1.0
259.500000000 365.637 -64.695 -2.518 0.005 -0.006 0.012 -1.0
259.900000000 368.268 -64.69 -2.516 0.003 -0.006 -0.007 -1.0
260.300000000 370.909 -64.509 -2.527 0.007 -0.007 -0.037 -0.999
260.800000000 374.464 -64.046 -2.561 0.02 -0.001 -0.06 -0.998
261.300000000 378.411 -63.574 -2.593 0.021 -0.008 -0.051 -0.998
261.699999999 381.826 -63.295 -2.628 0.022 -0.006 -0.03 -0.999
262.100000000 385.442 -63.153 -2.648 0.021 0.002 -0.008 -1.0
262.400000000 388.315 -63.137 -2.643 0.017 -0.004 0.001 -1.0
262.800000000 392.319 -63.171 -2.667 0.013 -0.005 0.006 -1.0
263.100000000 395.462 -63.175 -2.698 0.013 -0.007 0.002 -1.0
263.400000000 398.674 -63.168 -2.731 0.008 -0.009 -0.003 -1.0
263.699999999 401.885 -63.118 -2.736 0.007 -0.005 -0.009 -1.0
264.0 405.136 -63.023 -2.772 0.01 -0.011 -0.013 -1.0
264.300000000 408.343 -62.917 -2.803 0.011 -0.01 -0.015 -1.0
264.900000000 414.698 -62.681 -2.862 0.013 -0.013 -0.016 -1.0
265.199999999 417.818 -62.566 -2.899 0.015 -0.009 -0.015 -1.0
265.500000000 420.899 -62.455 -2.909 0.015 -0.005 -0.014 -1.0
265.800000000 423.943 -62.382 -2.926 0.01 -0.011 -0.013 -1.0
266.0 425.899 -62.322 -2.931 0.01 -0.009 -0.013 -1.0
266.300000000 428.724 -62.212 -2.941 0.013 -0.009 -0.017 -1.0
266.600000000 431.403 -62.087 -2.956 0.012 -0.011 -0.026 -1.0
266.900000000 433.957 -61.903 -2.991 0.014 -0.014 -0.037 -0.999
267.199999999 436.347 -61.678 -3.012 0.014 -0.01 -0.046 -0.999
267.500000000 438.59 -61.408 -3.026 0.015 -0.009 -0.06 -0.998
267.699999999 439.991 -61.199 -3.04 0.017 -0.011 -0.069 -0.997
268.0 441.905 -60.859 -3.064 0.028 -0.014 -0.075 -0.997
268.300000000 443.606 -60.596 -3.085 0.035 -0.015 -0.059 -0.998
268.600000000 445.165 -60.488 -3.107 0.041 -0.013 -0.014 -0.999
268.900000000 446.619 -60.633 -3.101 0.042 -0.012 0.062 -0.997
269.100000000 447.505 -60.864 -3.112 0.04 -0.009 0.125 -0.991
269.400000000 448.669 -61.463 -3.087 0.03 -0.004 0.23 -0.973
269.800000000 449.938 -62.601 -3.048 0.02 -0.006 0.365 -0.931
270.100000000 450.628 -63.635 -3.018 0.012 -0.004 0.458 -0.889
270.400000000 451.164 -64.752 -3.005 0.011 -0.007 0.544 -0.839
271.100000000 451.695 -67.908 -2.96 0.015 0.003 0.678 -0.735
271.400000000 451.726 -69.52 -2.91 0.011 0.007 0.701 -0.714
271.699999999 451.75 -71.249 -2.865 0.009 0.006 0.702 -0.712
272.0 451.788 -73.134 -2.816 0.008 0.006 0.699 -0.715
272.300000000 451.855 -75.17 -2.776 0.007 0.006 0.697 -0.717
272.600000000 451.952 -77.336 -2.716 0.013 0.01 0.694 -0.72
272.800000000 452.026 -78.872 -2.673 0.012 0.006 0.692 -0.721
273.100000000 452.148 -81.276 -2.61 0.011 0.003 0.691 -0.723
273.300000000 452.235 -82.953 -2.58 0.008 0.002 0.69 -0.724
273.600000000 452.377 -85.54 -2.521 0.012 0.005 0.689 -0.725
273.800000000 452.478 -87.32 -2.466 0.017 0.009 0.69 -0.724
274.100000000 452.624 -90.096 -2.376 0.013 0.0 0.693 -0.721
274.300000000 452.698 -91.969 -2.328 0.011 0.001 0.695 -0.719
274.600000000 452.806 -94.814 -2.256 0.011 0.002 0.695 -0.718
274.900000000 452.934 -97.713 -2.185 0.013 -0.001 0.695 -0.719
275.100000000 453.02 -99.662 -2.13 0.015 -0.001 0.695 -0.719
275.400000000 453.137 -102.587 -2.032 0.016 0.0 0.694 -0.72
275.699999999 453.256 -105.533 -1.966 0.01 -0.002 0.695 -0.719
276.0 453.37 -108.459 -1.905 0.011 -0.002 0.696 -0.718
276.300000000 453.46 -111.384 -1.834 0.009 0.001 0.698 -0.716
276.900000000 453.675 -117.136 -1.663 0.019 0.004 0.697 -0.717
277.199999999 453.764 -120.021 -1.597 0.009 -0.002 0.696 -0.718
277.500000000 453.865 -122.811 -1.501 0.01 0.002 0.696 -0.718
277.800000000 453.984 -125.584 -1.407 0.016 0.004 0.694 -0.719
278.100000000 454.118 -128.313 -1.316 0.015 -0.0 0.691 -0.722
278.400000000 454.28 -131.018 -1.252 0.009 -0.002 0.684 -0.73
278.699999999 454.529 -133.671 -1.185 0.012 -0.003 0.672 -0.74
279.0 454.868 -136.312 -1.136 0.013 -0.006 0.661 -0.75
279.199999999 455.132 -138.057 -1.098 0.012 -0.007 0.654 -0.756
279.500000000 455.572 -140.644 -1.042 0.016 -0.005 0.645 -0.764
279.699999999 455.889 -142.372 -1.018 0.009 -0.009 0.639 -0.769
280.0 456.429 -144.898 -0.974 0.015 -0.004 0.628 -0.778
280.199999999 456.83 -146.595 -0.944 0.009 -0.007 0.62 -0.785
280.500000000 457.468 -149.044 -0.92 0.006 -0.001 0.605 -0.796
280.699999999 457.939 -150.669 -0.883 0.008 0.004 0.597 -0.802
281.0 458.717 -153.082 -0.837 0.004 -0.001 0.588 -0.809
281.300000000 459.54 -155.436 -0.813 0.005 -0.003 0.579 -0.815
281.500000000 460.116 -157.0 -0.776 0.007 0.001 0.573 -0.82
281.800000000 461.019 -159.33 -0.747 0.005 -0.001 0.564 -0.826
282.0 461.648 -160.846 -0.716 0.009 0.004 0.557 -0.83
282.600000000 463.674 -165.26 -0.61 0.011 -0.001 0.533 -0.846
282.900000000 464.774 -167.398 -0.556 0.013 -0.001 0.521 -0.853
283.199999999 465.909 -169.475 -0.5 0.015 0.001 0.509 -0.86
283.400000000 466.696 -170.842 -0.477 0.009 -0.007 0.501 -0.865
283.699999999 467.871 -172.786 -0.444 0.008 -0.006 0.489 -0.872
284.0 469.042 -174.583 -0.419 0.011 -0.005 0.478 -0.878
284.199999999 469.798 -175.692 -0.402 0.012 -0.007 0.473 -0.881
284.500000000 470.848 -177.222 -0.367 0.014 -0.007 0.472 -0.882
284.699999999 471.481 -178.154 -0.343 0.018 -0.006 0.475 -0.88
284.900000000 472.056 -179.036 -0.336 0.018 -0.008 0.483 -0.875
285.100000000 472.553 -179.858 -0.339 0.014 -0.013 0.495 -0.869
285.300000000 472.95 -180.601 -0.331 0.009 -0.012 0.508 -0.861
285.600000000 473.457 -181.646 -0.296 0.01 -0.004 0.533 -0.846
285.800000000 473.756 -182.343 -0.292 0.015 -0.004 0.555 -0.831
286.100000000 474.062 -183.429 -0.286 0.012 -0.004 0.598 -0.801
286.400000000 474.227 -184.504 -0.242 0.008 -0.002 0.645 -0.764
286.699999999 474.283 -185.598 -0.222 0.016 -0.001 0.695 -0.719
287.100000000 474.052 -187.123 -0.183 0.014 -0.001 0.765 -0.644
287.400000000 473.67 -188.327 -0.163 0.013 -0.007 0.815 -0.579
287.800000000 472.725 -190.005 -0.128 0.015 -0.01 0.878 -0.479
288.500000000 469.787 -193.062 -0.069 0.011 -0.007 0.934 -0.356
288.800000000 468.093 -194.492 -0.033 0.012 -0.007 0.942 -0.334
289.199999999 465.511 -196.505 0.014 0.007 -0.005 0.947 -0.32
289.500000000 463.359 -198.138 0.05 0.012 -0.005 0.948 -0.317
289.800000000 461.041 -199.876 0.095 0.007 -0.005 0.95 -0.313
290.199999999 457.826 -202.272 0.154 0.007 -0.002 0.95 -0.312
290.500000000 455.389 -204.089 0.219 0.007 -0.001 0.949 -0.315
290.900000000 452.153 -206.54 0.307 0.005 0.0 0.948 -0.318
291.199999999 449.744 -208.392 0.367 0.005 0.001 0.947 -0.321
291.600000000 446.561 -210.872 0.451 0.004 -0.0 0.947 -0.323
291.900000000 444.194 -212.727 0.51 0.005 -0.002 0.947 -0.322
292.300000000 441.054 -215.175 0.585 0.005 -0.002 0.947 -0.321
292.600000000 438.705 -216.988 0.645 0.005 -0.001 0.947 -0.32
292.900000000 436.39 -218.797 0.691 0.001 -0.004 0.947 -0.321
293.199999999 434.107 -220.6 0.728 0.002 -0.004 0.946 -0.324
293.400000000 432.563 -221.828 0.746 0.004 -0.004 0.945 -0.327
293.699999999 430.208 -223.706 0.784 0.006 -0.002 0.944 -0.329
294.100000000 426.989 -226.309 0.841 0.008 -0.006 0.944 -0.329
294.400000000 424.505 -228.306 0.879 0.005 -0.008 0.945 -0.328
294.699999999 421.998 -230.296 0.919 0.002 -0.005 0.945 -0.327
295.400000000 416.267 -234.905 1.026 0.004 -0.004 0.943 -0.332
295.699999999 413.856 -236.88 1.086 0.007 -0.006 0.943 -0.333
296.0 411.483 -238.834 1.142 0.005 -0.009 0.943 -0.334
296.300000000 409.197 -240.705 1.186 0.002 -0.009 0.943 -0.332
296.500000000 407.754 -241.885 1.216 0.001 -0.009 0.944 -0.33
296.800000000 405.678 -243.508 1.248 0.002 -0.009 0.946 -0.324
297.0 404.383 -244.487 1.268 0.002 -0.008 0.949 -0.315
297.300000000 402.59 -245.757 1.313 0.003 -0.008 0.956 -0.292
297.600000000 400.937 -246.774 1.355 0.005 -0.007 0.968 -0.25
297.900000000 399.309 -247.49 1.398 0.006 -0.005 0.983 -0.181
298.199999999 397.526 -247.886 1.425 0.0 -0.005 0.996 -0.09
298.600000000 395.299 -247.806 1.451 -0.001 -0.002 0.998 0.057
298.900000000 393.734 -247.321 1.465 -0.002 0.003 0.986 0.166
299.300000000 391.805 -246.154 1.454 -0.008 0.008 0.955 0.296
299.699999999 390.094 -244.562 1.415 -0.012 0.007 0.92 0.391
300.100000000 388.539 -242.625 1.352 -0.018 0.001 0.888 0.459
300.500000000 387.182 -240.311 1.282 -0.019 -0.003 0.854 0.519
301.0 385.803 -236.883 1.194 -0.012 0.002 0.815 0.58
301.300000000 385.152 -234.565 1.149 -0.009 0.012 0.795 0.607
301.699999999 384.384 -231.21 1.059 -0.009 0.009 0.773 0.634
302.400000000 383.469 -224.623 0.914 0.0 0.01 0.745 0.667
302.699999999 383.138 -221.522 0.88 -0.0 0.013 0.741 0.672
303.100000000 382.733 -217.243 0.816 -0.001 0.012 0.737 0.676
303.400000000 382.445 -213.979 0.773 -0.004 0.01 0.734 0.679
303.800000000 382.108 -209.548 0.721 -0.007 0.009 0.73 0.683
304.100000000 381.873 -206.167 0.669 -0.009 0.009 0.728 0.686
304.500000000 381.603 -201.652 0.602 -0.01 0.007 0.724 0.69
304.800000000 381.444 -198.277 0.553 -0.011 0.008 0.722 0.692
305.199999999 381.24 -193.806 0.475 -0.014 0.009 0.719 0.694
305.500000000 381.119 -190.498 0.399 -0.014 0.011 0.718 0.696
305.900000000 380.969 -186.105 0.304 -0.013 0.01 0.717 0.697
306.199999999 380.866 -182.84 0.229 -0.014 0.013 0.717 0.697
306.500000000 380.758 -179.635 0.146 -0.014 0.012 0.717 0.697
306.900000000 380.62 -175.413 0.043 -0.014 0.012 0.716 0.698
307.200000000 380.529 -172.291 -0.031 -0.014 0.012 0.715 0.699
307.500000000 380.454 -169.244 -0.082 -0.011 0.01 0.712 0.702
307.900000000 380.41 -165.324 -0.154 -0.011 0.013 0.708 0.706
308.300000000 380.416 -161.69 -0.223 -0.01 0.014 0.703 0.711
308.800000000 380.45 -157.586 -0.293 -0.006 0.02 0.707 0.706
309.200000000 380.37 -154.649 -0.35 -0.003 0.022 0.723 0.691
310.0 379.533 -149.99 -0.445 -0.002 0.028 0.811 0.584
310.500000000 378.186 -147.913 -0.473 -0.001 0.03 0.899 0.436
310.900000000 376.659 -146.749 -0.492 -0.004 0.027 0.953 0.301
311.400000000 374.356 -145.903 -0.514 -0.008 0.019 0.989 0.148
311.900000000 371.657 -145.526 -0.548 -0.006 0.007 0.998 0.063
312.500000000 368.019 -145.327 -0.567 -0.004 0.008 1.0 0.022
313.0 364.513 -145.224 -0.582 -0.001 0.012 1.0 0.011
313.400000000 361.403 -145.216 -0.582 -0.001 0.014 1.0 -0.001
313.900000000 357.121 -145.288 -0.57 -0.001 0.018 1.0 -0.009
314.400000000 352.363 -145.452 -0.602 -0.007 0.011 1.0 -0.015
314.900000000 347.286 -145.62 -0.619 -0.004 0.012 1.0 -0.014
315.400000000 342.027 -145.804 -0.623 -0.003 0.01 1.0 -0.015
315.900000000 336.681 -146.005 -0.606 -0.004 0.011 1.0 -0.018
316.400000000 331.343 -146.209 -0.589 -0.007 0.014 1.0 -0.017
316.900000000 326.025 -146.411 -0.591 -0.006 0.008 1.0 -0.014
317.400000000 320.688 -146.586 -0.621 -0.006 0.01 1.0 -0.013
317.900000000 315.209 -146.731 -0.677 -0.009 0.015 1.0 -0.012
318.500000000 308.477 -146.926 -0.717 -0.007 0.017 1.0 -0.013
319.0 302.738 -147.099 -0.79 -0.009 0.017 1.0 -0.011
319.500000000 296.85 -147.26 -0.838 -0.005 0.017 1.0 -0.012
320.400000000 286.349 -147.643 -0.843 -0.006 0.014 1.0 -0.017
320.900000000 280.526 -147.858 -0.901 -0.009 0.014 1.0 -0.016
321.400000000 274.753 -148.076 -0.89 -0.006 0.009 1.0 -0.015
321.900000000 269.069 -148.244 -0.93 -0.002 0.014 1.0 -0.013
322.400000000 263.46 -148.42 -0.969 -0.015 0.014 1.0 -0.013
322.900000000 257.975 -148.615 -1.026 -0.007 0.009 1.0 -0.013
323.400000000 252.538 -148.761 -1.04 -0.014 0.009 1.0 -0.01
323.900000000 247.426 -148.927 -1.085 -0.005 0.005 1.0 -0.013
324.500000000 241.785 -149.142 -1.069 -0.004 0.012 1.0 -0.019
325.0 237.571 -149.363 -1.034 -0.007 0.004 1.0 -0.022
325.500000000 233.933 -149.584 -1.036 -0.007 0.003 1.0 -0.028
326.100000000 230.335 -149.86 -1.069 -0.014 -0.004 1.0 -0.025
326.600000000 227.862 -149.93 -1.098 -0.013 -0.006 1.0 0.012
327.200000000 225.312 -149.504 -1.107 -0.009 0.004 0.993 0.12
327.800000000 223.04 -148.385 -1.155 -0.012 0.014 0.966 0.256
328.500000000 220.796 -146.122 -1.247 -0.012 0.009 0.897 0.441
329.100000000 219.441 -143.266 -1.338 -0.013 0.008 0.818 0.574
329.800000000 218.711 -139.175 -1.433 -0.005 0.01 0.748 0.663
330.400000000 218.442 -134.892 -1.537 -0.005 0.014 0.724 0.69
331.100000000 218.373 -129.0 -1.627 0.004 0.015 0.712 0.702
332.200000000 218.206 -118.422 -1.855 -0.002 0.021 0.714 0.7
332.900000000 217.99 -111.503 -1.968 -0.002 0.022 0.72 0.693
333.600000000 217.763 -104.709 -2.065 0.002 0.023 0.719 0.695
334.300000000 217.551 -98.045 -2.174 0.005 0.028 0.719 0.694
335.100000000 217.246 -90.807 -2.324 0.001 0.027 0.721 0.692
335.900000000 216.993 -84.926 -2.453 -0.003 0.03 0.719 0.694
336.600000000 216.971 -81.238 -2.546 -0.001 0.028 0.701 0.712
337.300000000 217.329 -78.056 -2.64 -0.004 0.022 0.634 0.773
338.100000000 218.79 -74.799 -2.736 -0.01 0.011 0.484 0.875
338.800000000 221.185 -72.406 -2.821 -0.016 0.001 0.315 0.949
339.600000000 224.948 -70.878 -2.814 -0.002 0.003 0.144 0.99
340.400000000 229.036 -70.358 -2.766 0.003 -0.005 0.031 0.999
341.100000000 232.778 -70.273 -2.722 0.012 0.002 0.022 1.0
341.800000000 236.42 -69.747 -2.687 0.014 0.004 0.105 0.994
342.600000000 239.86 -67.849 -2.655 -0.022 -0.005 0.309 0.951
343.400000000 242.029 -64.73 -2.742 -0.02 0.009 0.544 0.839
344.100000000 242.651 -61.25 -2.885 -0.022 0.007 0.68 0.733
344.900000000 242.595 -56.544 -3.036 -0.023 -0.001 0.714 0.7
345.700000000 242.472 -50.567 -3.204 -0.019 0.001 0.711 0.703
346.400000000 242.381 -44.402 -3.37 -0.016 0.007 0.715 0.699
347.500000000 241.969 -33.163 -3.704 -0.017 0.006 0.72 0.694
348.200000000 241.685 -25.562 -3.862 -0.014 0.01 0.719 0.695
348.900000000 241.319 -18.085 -4.057 -0.019 0.004 0.724 0.69
349.500000000 240.933 -11.979 -4.214 -0.029 -0.002 0.725 0.688
350.200000000 240.514 -5.608 -4.375 -0.034 -0.006 0.725 0.688
350.900000000 240.204 -0.416 -4.48 -0.035 -0.008 0.724 0.689
351.600000000 240.059 3.292 -4.548 -0.032 -0.005 0.71 0.703
352.200000000 240.121 5.262 -4.568 -0.024 -0.008 0.69 0.723
352.900000000 240.335 6.865 -4.581 -0.019 -0.012 0.652 0.758
353.500000000 240.699 8.152 -4.576 -0.016 -0.012 0.596 0.803
354.300000000 242.043 10.421 -4.559 -0.018 -0.001 0.449 0.893
355.0 244.585 12.235 -4.568 -0.013 -0.006 0.242 0.97
355.800000000 249.204 13.156 -4.509 -0.007 -0.007 0.036 0.999
356.500000000 254.542 13.221 -4.434 -0.0 -0.007 0.002 1.0
357.200000000 260.857 13.3 -4.353 -0.001 -0.011 0.008 1.0
357.900000000 268.233 13.469 -4.242 -0.001 -0.011 0.011 1.0
358.600000000 276.412 13.709 -4.12 -0.002 -0.006 0.013 1.0
359.300000000 284.976 13.997 -3.962 -0.002 -0.008 0.016 1.0
359.900000000 292.442 14.277 -3.831 -0.006 -0.004 0.014 1.0
360.600000000 301.255 14.547 -3.702 -0.009 0.001 0.011 1.0
361.700000000 315.054 14.96 -3.528 -0.02 -0.001 0.013 1.0
362.400000000 323.945 15.257 -3.425 -0.021 0.001 0.013 1.0
363.0 331.494 15.472 -3.356 -0.017 0.0 0.013 1.0
363.700000000 340.075 15.722 -3.296 -0.009 0.003 0.016 1.0
364.200000000 345.829 15.929 -3.268 -0.005 0.004 0.017 1.0
364.900000000 353.171 16.199 -3.212 -0.008 0.003 0.012 1.0
365.400000000 357.897 16.288 -3.176 -0.005 0.006 0.006 1.0
366.0 362.725 16.339 -3.145 -0.007 0.004 0.0 1.0
366.600000000 366.606 16.42 -3.096 -0.013 0.001 0.013 1.0
367.200000000 369.716 16.78 -3.073 -0.012 0.005 0.092 0.996
367.900000000 372.689 18.369 -3.153 -0.018 0.023 0.314 0.949
368.600000000 374.514 21.25 -3.353 -0.008 0.033 0.561 0.827
369.200000000 374.748 24.43 -3.506 -0.009 0.03 0.716 0.697
369.900000000 374.123 28.722 -3.713 -0.017 0.024 0.756 0.654
370.600000000 373.389 33.815 -3.95 -0.012 0.02 0.751 0.66
371.300000000 372.776 39.841 -4.243 -0.024 0.013 0.729 0.684
371.900000000 372.474 45.725 -4.593 -0.026 0.017 0.722 0.691
372.500000000 372.196 52.027 -4.939 -0.028 0.015 0.718 0.695
373.100000000 371.973 58.529 -5.293 -0.03 0.015 0.717 0.696
373.600000000 371.77 63.991 -5.602 -0.03 0.014 0.719 0.694
374.800000000 371.255 76.889 -6.351 -0.034 0.012 0.714 0.699
375.400000000 371.168 83.016 -6.709 -0.036 0.014 0.706 0.707
376.0 371.212 88.544 -6.993 -0.029 0.017 0.703 0.71
376.600000000 371.153 93.773 -7.281 -0.025 0.021 0.72 0.694
377.200000000 370.709 98.971 -7.531 -0.025 0.011 0.739 0.674
377.800000000 370.173 104.494 -7.836 -0.037 0.016 0.735 0.676
378.500000000 369.686 111.601 -8.334 -0.038 0.012 0.722 0.691
379.100000000 369.441 118.251 -8.738 -0.034 -0.002 0.713 0.7
379.700000000 369.424 125.325 -9.138 -0.037 0.009 0.702 0.711
380.300000000 369.512 132.373 -9.547 -0.029 0.012 0.705 0.709
380.900000000 369.381 139.359 -9.923 -0.032 0.011 0.716 0.697
381.400000000 369.193 145.117 -10.284 -0.036 0.016 0.718 0.695
381.900000000 368.99 150.814 -10.645 -0.034 0.02 0.721 0.692
382.400000000 368.691 156.425 -11.0 -0.033 0.015 0.725 0.688
382.900000000 368.37 161.944 -11.371 -0.034 0.02 0.726 0.686
383.400000000 368.059 167.416 -11.707 -0.029 0.016 0.726 0.687
383.900000000 367.736 172.753 -11.978 -0.027 0.012 0.725 0.688
384.400000000 367.466 178.108 -12.223 -0.027 0.013 0.718 0.695
384.900000000 367.377 183.533 -12.462 -0.02 0.023 0.712 0.702
385.400000000 367.302 189.05 -12.766 -0.023 0.021 0.708 0.706
386.300000000 367.394 199.194 -13.336 -0.029 0.017 0.697 0.717
386.800000000 367.55 204.851 -13.659 -0.029 0.018 0.693 0.72
387.200000000 367.715 209.361 -13.903 -0.027 0.018 0.69 0.723
387.600000000 367.942 213.76 -14.162 -0.031 0.02 0.682 0.73
388.0 368.267 217.957 -14.387 -0.03 0.019 0.673 0.739
388.500000000 368.762 222.846 -14.666 -0.029 0.025 0.668 0.743
388.900000000 369.145 226.442 -14.856 -0.029 0.022 0.663 0.747
389.400000000 369.683 230.44 -15.087 -0.033 0.02 0.646 0.762
389.700000000 370.109 232.514 -15.182 -0.025 0.015 0.628 0.778
390.0 370.616 234.406 -15.271 -0.022 0.026 0.61 0.791
390.400000000 371.272 236.615 -15.388 -0.014 0.03 0.601 0.798
390.800000000 371.816 238.587 -15.498 -0.014 0.033 0.607 0.794
391.200000000 372.219 240.325 -15.594 -0.012 0.033 0.625 0.78
391.500000000 372.396 241.553 -15.653 -0.013 0.031 0.649 0.76
391.900000000 372.507 243.161 -15.737 -0.016 0.03 0.679 0.733
392.300000000 372.506 244.749 -15.822 -0.02 0.024 0.699 0.715
392.600000000 372.499 246.019 -15.889 -0.024 0.022 0.7 0.713
393.0 372.524 247.738 -15.977 -0.028 0.018 0.694 0.719
393.400000000 372.642 249.475 -16.07 -0.032 0.016 0.679 0.734
393.800000000 372.866 251.206 -16.174 -0.036 0.016 0.661 0.749
394.600000000 373.477 254.169 -16.327 -0.027 0.014 0.639 0.768
395.0 373.675 255.447 -16.386 -0.028 0.014 0.656 0.754
395.400000000 373.731 256.73 -16.447 -0.024 0.013 0.696 0.718
395.900000000 373.518 258.538 -16.543 -0.026 0.016 0.765 0.644
396.300000000 372.961 260.117 -16.646 -0.022 0.017 0.827 0.562
396.800000000 371.626 262.152 -16.773 -0.016 0.024 0.901 0.434
397.400000000 368.915 264.312 -16.927 -0.015 0.032 0.962 0.269
397.800000000 366.475 265.487 -17.043 -0.016 0.034 0.981 0.189
398.300000000 362.805 266.619 -17.166 -0.007 0.042 0.992 0.119
398.700000000 359.429 267.261 -17.25 -0.009 0.042 0.996 0.081
399.100000000 355.612 267.792 -17.327 -0.008 0.039 0.996 0.076
399.600000000 350.472 268.537 -17.441 -0.01 0.038 0.996 0.074
400.0 346.097 269.132 -17.542 -0.011 0.037 0.997 0.07
400.400000000 341.491 269.71 -17.657 -0.014 0.038 0.997 0.064
400.800000000 336.763 270.268 -17.797 -0.01 0.04 0.997 0.058
401.200000000 332.005 270.754 -17.863 -0.015 0.037 0.998 0.052
401.700000000 326.118 271.246 -17.997 -0.015 0.036 0.999 0.038
402.100000000 321.436 271.537 -18.109 -0.017 0.038 0.999 0.027
402.500000000 316.814 271.714 -18.208 -0.016 0.039 0.999 0.016
402.900000000 312.235 271.821 -18.297 -0.015 0.044 0.999 0.007
403.800000000 302.041 271.728 -18.499 -0.014 0.048 0.999 -0.008
404.300000000 296.329 271.571 -18.597 -0.014 0.047 0.999 -0.016
404.700000000 291.716 271.379 -18.672 -0.014 0.048 0.999 -0.023
405.200000000 285.849 271.028 -18.772 -0.014 0.044 0.998 -0.032
405.700000000 279.908 270.554 -18.863 -0.014 0.039 0.998 -0.041
406.200000000 273.914 269.943 -18.962 -0.016 0.038 0.998 -0.053
406.700000000 267.845 269.169 -19.066 -0.014 0.037 0.997 -0.067
407.100000000 262.891 268.402 -19.153 -0.017 0.035 0.996 -0.077
407.600000000 256.715 267.333 -19.252 -0.016 0.04 0.995 -0.091
408.0 251.826 266.359 -19.332 -0.018 0.041 0.994 -0.101
408.400000000 246.968 265.315 -19.387 -0.015 0.044 0.993 -0.108
408.800000000 242.115 264.203 -19.457 -0.017 0.043 0.992 -0.114
409.300000000 236.084 262.692 -19.512 -0.015 0.045 0.991 -0.126
409.700000000 231.249 261.364 -19.578 -0.018 0.049 0.989 -0.136
410.200000000 225.321 259.62 -19.62 -0.017 0.045 0.989 -0.143
410.700000000 219.47 257.838 -19.676 -0.017 0.044 0.988 -0.149
411.100000000 214.819 256.347 -19.719 -0.015 0.044 0.987 -0.155
411.500000000 210.194 254.808 -19.763 -0.018 0.044 0.986 -0.162
411.800000000 206.757 253.591 -19.795 -0.016 0.039 0.985 -0.168
412.200000000 202.196 251.901 -19.83 -0.017 0.037 0.983 -0.177
413.100000000 192.181 247.834 -19.941 -0.017 0.034 0.98 -0.198
413.400000000 188.902 246.429 -19.982 -0.02 0.037 0.978 -0.203
413.800000000 184.57 244.48 -20.052 -0.021 0.041 0.976 -0.211
414.200000000 180.279 242.458 -20.105 -0.02 0.039 0.975 -0.218
414.600000000 175.925 240.331 -20.152 -0.016 0.039 0.973 -0.226
415.0 171.562 238.142 -20.172 -0.017 0.044 0.971 -0.235
415.400000000 167.182 235.799 -20.192 -0.018 0.044 0.969 -0.244
415.700000000 163.954 233.996 -20.194 -0.016 0.039 0.967 -0.25
416.100000000 159.671 231.539 -20.213 -0.017 0.038 0.965 -0.259
416.400000000 156.518 229.664 -20.231 -0.018 0.034 0.964 -0.264
416.700000000 153.399 227.773 -20.25 -0.017 0.034 0.962 -0.269
417.100000000 149.298 225.202 -20.257 -0.017 0.033 0.96 -0.276
417.400000000 146.262 223.257 -20.261 -0.016 0.035 0.958 -0.284
417.700000000 143.254 221.249 -20.285 -0.02 0.033 0.956 -0.29
418.100000000 139.263 218.511 -20.327 -0.021 0.036 0.953 -0.3
418.500000000 135.367 215.701 -20.356 -0.019 0.039 0.95 -0.309
418.900000000 131.411 212.762 -20.379 -0.02 0.039 0.948 -0.316
419.300000000 127.483 209.746 -20.391 -0.017 0.041 0.945 -0.325
419.700000000 123.581 206.597 -20.374 -0.016 0.037 0.942 -0.333
420.100000000 119.68 203.364 -20.369 -0.017 0.037 0.939 -0.341
420.800000000 112.92 197.476 -20.36 -0.019 0.037 0.934 -0.356
421.200000000 109.14 194.005 -20.358 -0.015 0.03 0.932 -0.362
421.500000000 106.261 191.329 -20.351 -0.016 0.031 0.93 -0.366
421.800000000 103.387 188.61 -20.348 -0.017 0.029 0.929 -0.368
422.100000000 100.525 185.853 -20.342 -0.014 0.025 0.929 -0.37
422.500000000 96.696 182.162 -20.37 -0.017 0.019 0.929 -0.37
422.800000000 93.815 179.477 -20.379 -0.019 0.03 0.929 -0.368
423.100000000 90.915 176.785 -20.397 -0.022 0.037 0.93 -0.366
423.500000000 87.08 173.183 -20.427 -0.02 0.032 0.931 -0.363
423.800000000 84.208 170.531 -20.428 -0.017 0.033 0.931 -0.362
424.100000000 81.3 167.88 -20.417 -0.02 0.038 0.931 -0.362
424.500000000 77.49 164.369 -20.423 -0.021 0.04 0.93 -0.364
424.900000000 73.703 160.823 -20.454 -0.023 0.037 0.93 -0.365
425.200000000 70.826 158.131 -20.462 -0.021 0.038 0.93 -0.365
425.500000000 67.959 155.443 -20.482 -0.022 0.037 0.93 -0.365
425.800000000 65.095 152.767 -20.48 -0.019 0.037 0.93 -0.365
426.100000000 62.234 150.09 -20.48 -0.021 0.036 0.93 -0.364
426.400000000 59.402 147.442 -20.507 -0.023 0.031 0.931 -0.364
426.700000000 56.572 144.782 -20.532 -0.019 0.027 0.931 -0.364
427.0 53.736 142.135 -20.552 -0.018 0.025 0.931 -0.364
427.700000000 47.106 135.961 -20.605 -0.018 0.03 0.931 -0.365
428.100000000 43.3 132.4 -20.663 -0.023 0.028 0.93 -0.365
428.400000000 40.443 129.734 -20.699 -0.022 0.03 0.93 -0.366
428.700000000 37.575 127.062 -20.761 -0.027 0.033 0.929 -0.367
429.100000000 33.748 123.451 -20.811 -0.022 0.033 0.93 -0.366
429.400000000 30.853 120.732 -20.838 -0.022 0.036 0.93 -0.366
429.800000000 27.007 117.109 -20.867 -0.023 0.034 0.93 -0.366
430.200000000 23.136 113.48 -20.925 -0.022 0.032 0.93 -0.366
430.700000000 18.308 108.936 -20.997 -0.024 0.031 0.929 -0.367
431.100000000 14.482 105.308 -21.055 -0.024 0.027 0.929 -0.367
431.600000000 9.723 100.793 -21.158 -0.025 0.023 0.929 -0.367
432.0 5.957 97.268 -21.247 -0.025 0.026 0.93 -0.366
432.400000000 2.21 93.811 -21.336 -0.029 0.03 0.931 -0.363
432.800000000 -1.499 90.407 -21.418 -0.025 0.034 0.932 -0.361
433.200000000 -5.217 87.023 -21.49 -0.028 0.034 0.932 -0.359
433.700000000 -9.694 82.93 -21.591 -0.028 0.03 0.932 -0.36
434.100000000 -13.109 79.77 -21.674 -0.028 0.026 0.931 -0.363
434.500000000 -16.339 76.753 -21.743 -0.026 0.027 0.93 -0.365
434.900000000 -19.39 73.906 -21.802 -0.028 0.032 0.929 -0.368
435.300000000 -22.145 71.227 -21.846 -0.029 0.028 0.926 -0.376
436.300000000 -27.626 65.124 -21.923 -0.023 0.022 0.896 -0.444
436.700000000 -29.183 62.582 -21.937 -0.019 0.018 0.862 -0.505
437.100000000 -30.227 59.926 -21.936 -0.014 0.011 0.814 -0.581
437.400000000 -30.676 57.888 -21.926 -0.014 0.011 0.767 -0.642
437.800000000 -30.743 55.172 -21.895 -0.01 0.012 0.694 -0.72
438.100000000 -30.42 53.197 -21.862 -0.007 0.011 0.634 -0.773
438.500000000 -29.548 50.73 -21.801 -0.0 0.007 0.56 -0.829
439.0 -28.128 47.874 -21.717 0.011 0.008 0.517 -0.856
439.400000000 -26.929 45.657 -21.628 0.007 0.008 0.515 -0.857
439.800000000 -25.82 43.511 -21.551 0.003 0.009 0.524 -0.852
440.300000000 -24.647 41.022 -21.462 -0.001 0.013 0.538 -0.843
440.700000000 -23.864 39.222 -21.394 -0.006 0.014 0.548 -0.836
441.300000000 -22.965 37.011 -21.324 -0.009 0.014 0.561 -0.828
441.800000000 -22.449 35.704 -21.276 -0.007 0.019 0.564 -0.825
442.400000000 -21.837 34.345 -21.216 -0.003 0.023 0.542 -0.84
443.0 -21.088 33.122 -21.16 -0.0 0.029 0.487 -0.873
443.600000000 -19.86 31.682 -21.054 -0.001 0.02 0.408 -0.913
444.200000000 -18.029 30.197 -20.964 -0.004 0.02 0.312 -0.95
444.800000000 -15.329 28.803 -20.869 -0.012 0.015 0.2 -0.98
445.400000000 -11.671 27.843 -20.762 -0.015 0.018 0.093 -0.995
446.500000000 -3.004 27.106 -20.46 -0.009 0.017 0.034 -0.999
447.0 1.64 26.826 -20.28 -0.005 0.017 0.032 -0.999
447.600000000 7.599 26.527 -20.07 -0.008 0.014 0.021 -1.0
448.100000000 12.861 26.381 -19.906 -0.006 0.016 0.015 -1.0
448.600000000 18.299 26.245 -19.737 -0.01 0.014 0.011 -1.0
449.200000000 24.946 26.134 -19.537 -0.002 0.009 0.015 -1.0
449.700000000 30.564 25.964 -19.377 0.001 0.01 0.02 -1.0
450.200000000 36.252 25.739 -19.199 -0.002 0.012 0.022 -1.0
450.700000000 42.071 25.474 -19.034 -0.008 0.007 0.023 -1.0
451.200000000 47.963 25.237 -18.868 -0.003 0.014 0.024 -1.0
451.800000000 55.133 24.934 -18.66 -0.002 0.006 0.023 -1.0
452.300000000 61.021 24.68 -18.443 -0.006 0.016 0.023 -1.0
452.900000000 68.016 24.367 -18.219 -0.005 0.006 0.025 -1.0
453.500000000 74.859 24.048 -18.028 -0.004 0.006 0.027 -1.0
